      33.0000      1.00000
 2.5000e-001
  0.000000e+000  9.561000e-001  7.804000e-001
  0.000000e+000  9.561000e-001  7.804000e-001
  0.000000e+000  9.561000e-001  7.804000e-001
  0.000000e+000  9.561000e-001  7.804000e-001
  0.000000e+000  9.561000e-001  7.804000e-001
  0.000000e+000  9.561000e-001  7.804000e-001
  0.000000e+000  9.561000e-001  7.804000e-001
  0.000000e+000  9.561000e-001  7.804000e-001
  0.000000e+000  9.561000e-001  7.804000e-001
  0.000000e+000  9.561000e-001  7.804000e-001
  0.000000e+000  9.561000e-001  7.804000e-001
  0.000000e+000  9.561000e-001  7.804000e-001
  0.000000e+000  9.561000e-001  7.804000e-001
  0.000000e+000  9.561000e-001  7.804000e-001
  0.000000e+000  9.561000e-001  7.804000e-001
  0.000000e+000  9.561000e-001  7.804000e-001
  0.000000e+000  9.561000e-001  7.804000e-001
  0.000000e+000  9.997000e-001  6.860000e-001
  0.000000e+000  9.561000e-001  7.804000e-001
  0.000000e+000  9.561000e-001  7.804000e-001
  0.000000e+000  9.561000e-001  7.804000e-001
  0.000000e+000  9.561000e-001  7.804000e-001
  1.724384e-011  9.561000e-001  7.804000e-001
  3.575383e-005  9.561000e-001  7.804000e-001
  1.960197e-003  9.561000e-001  7.804000e-001
  1.949478e-003  9.561000e-001  7.804000e-001
  4.672049e-003  9.561000e-001  7.804000e-001
  7.811312e-003  9.561000e-001  7.804000e-001
  8.842994e-003  9.561000e-001  7.804000e-001
  9.311941e-003  9.561000e-001  7.804000e-001
  1.063169e-002  9.561000e-001  7.804000e-001
  1.574321e-002  9.561000e-001  7.804000e-001
  9.405730e-002  9.561000e-001  7.804000e-001
 2.7700e-001
  0.000000e+000  9.731000e-001  7.815000e-001
  0.000000e+000  9.731000e-001  7.815000e-001
  0.000000e+000  9.731000e-001  7.815000e-001
  0.000000e+000  9.731000e-001  7.815000e-001
  0.000000e+000  9.731000e-001  7.815000e-001
  0.000000e+000  9.731000e-001  7.815000e-001
  0.000000e+000  9.731000e-001  7.815000e-001
  0.000000e+000  9.731000e-001  7.815000e-001
  0.000000e+000  9.731000e-001  7.815000e-001
  0.000000e+000  9.731000e-001  7.815000e-001
  0.000000e+000  9.731000e-001  7.815000e-001
  0.000000e+000  9.731000e-001  7.815000e-001
  0.000000e+000  9.731000e-001  7.815000e-001
  0.000000e+000  9.731000e-001  7.815000e-001
  0.000000e+000  9.731000e-001  7.815000e-001
  0.000000e+000  9.731000e-001  7.815000e-001
  0.000000e+000  9.731000e-001  7.815000e-001
  0.000000e+000  9.998000e-001  6.909000e-001
  0.000000e+000  9.731000e-001  7.815000e-001
  0.000000e+000  9.731000e-001  7.815000e-001
  0.000000e+000  9.731000e-001  7.815000e-001
  0.000000e+000  9.731000e-001  7.815000e-001
  1.675927e-011  9.731000e-001  7.815000e-001
  3.474433e-005  9.731000e-001  7.815000e-001
  1.905010e-003  9.731000e-001  7.815000e-001
  1.894963e-003  9.731000e-001  7.815000e-001
  4.540140e-003  9.731000e-001  7.815000e-001
  7.589229e-003  9.731000e-001  7.815000e-001
  8.593981e-003  9.731000e-001  7.815000e-001
  9.049469e-003  9.731000e-001  7.815000e-001
  1.032885e-002  9.731000e-001  7.815000e-001
  1.529903e-002  9.731000e-001  7.815000e-001
  9.143246e-002  9.731000e-001  7.815000e-001
 3.0700e-001
  0.000000e+000  9.828000e-001  7.822000e-001
  0.000000e+000  9.828000e-001  7.822000e-001
  0.000000e+000  9.828000e-001  7.822000e-001
  0.000000e+000  9.828000e-001  7.822000e-001
  0.000000e+000  9.828000e-001  7.822000e-001
  0.000000e+000  9.828000e-001  7.822000e-001
  0.000000e+000  9.828000e-001  7.822000e-001
  0.000000e+000  9.828000e-001  7.822000e-001
  0.000000e+000  9.828000e-001  7.822000e-001
  0.000000e+000  9.828000e-001  7.822000e-001
  0.000000e+000  9.828000e-001  7.822000e-001
  0.000000e+000  9.828000e-001  7.822000e-001
  0.000000e+000  9.828000e-001  7.822000e-001
  0.000000e+000  9.828000e-001  7.822000e-001
  0.000000e+000  9.828000e-001  7.822000e-001
  0.000000e+000  9.828000e-001  7.822000e-001
  0.000000e+000  9.828000e-001  7.822000e-001
  0.000000e+000  9.999000e-001  6.957000e-001
  0.000000e+000  9.828000e-001  7.822000e-001
  0.000000e+000  9.828000e-001  7.822000e-001
  0.000000e+000  9.828000e-001  7.822000e-001
  0.000000e+000  9.828000e-001  7.822000e-001
  1.622008e-011  9.828000e-001  7.822000e-001
  3.363223e-005  9.828000e-001  7.822000e-001
  1.843678e-003  9.828000e-001  7.822000e-001
  1.834302e-003  9.828000e-001  7.822000e-001
  4.394557e-003  9.828000e-001  7.822000e-001
  7.346585e-003  9.828000e-001  7.822000e-001
  8.317647e-003  9.828000e-001  7.822000e-001
  8.759647e-003  9.828000e-001  7.822000e-001
  9.998589e-003  9.828000e-001  7.822000e-001
  1.480702e-002  9.828000e-001  7.822000e-001
  8.853406e-002  9.828000e-001  7.822000e-001
 3.4020e-001
  0.000000e+000  9.868000e-001  7.817000e-001
  0.000000e+000  9.868000e-001  7.817000e-001
  0.000000e+000  9.868000e-001  7.817000e-001
  0.000000e+000  9.868000e-001  7.817000e-001
  0.000000e+000  9.868000e-001  7.817000e-001
  0.000000e+000  9.868000e-001  7.817000e-001
  0.000000e+000  9.868000e-001  7.817000e-001
  0.000000e+000  9.868000e-001  7.817000e-001
  0.000000e+000  9.868000e-001  7.817000e-001
  0.000000e+000  9.868000e-001  7.817000e-001
  0.000000e+000  9.868000e-001  7.817000e-001
  0.000000e+000  9.868000e-001  7.817000e-001
  0.000000e+000  9.868000e-001  7.817000e-001
  0.000000e+000  9.868000e-001  7.817000e-001
  0.000000e+000  9.868000e-001  7.817000e-001
  0.000000e+000  9.868000e-001  7.817000e-001
  0.000000e+000  9.868000e-001  7.817000e-001
  0.000000e+000  9.999000e-001  6.993000e-001
  0.000000e+000  9.868000e-001  7.817000e-001
  0.000000e+000  9.868000e-001  7.817000e-001
  0.000000e+000  9.868000e-001  7.817000e-001
  0.000000e+000  9.868000e-001  7.817000e-001
  1.546177e-011  9.868000e-001  7.817000e-001
  3.206239e-005  9.868000e-001  7.817000e-001
  1.757871e-003  9.868000e-001  7.817000e-001
  1.748493e-003  9.868000e-001  7.817000e-001
  4.189683e-003  9.868000e-001  7.817000e-001
  7.000669e-003  9.868000e-001  7.817000e-001
  7.931859e-003  9.868000e-001  7.817000e-001
  8.353909e-003  9.868000e-001  7.817000e-001
  9.532969e-003  9.868000e-001  7.817000e-001
  1.411523e-002  9.868000e-001  7.817000e-001
  8.434299e-002  9.868000e-001  7.817000e-001
 3.7700e-001
  0.000000e+000  9.869000e-001  7.804000e-001
  0.000000e+000  9.869000e-001  7.804000e-001
  0.000000e+000  9.869000e-001  7.804000e-001
  0.000000e+000  9.869000e-001  7.804000e-001
  0.000000e+000  9.869000e-001  7.804000e-001
  0.000000e+000  9.869000e-001  7.804000e-001
  0.000000e+000  9.869000e-001  7.804000e-001
  0.000000e+000  9.869000e-001  7.804000e-001
  0.000000e+000  9.869000e-001  7.804000e-001
  0.000000e+000  9.869000e-001  7.804000e-001
  0.000000e+000  9.869000e-001  7.804000e-001
  0.000000e+000  9.869000e-001  7.804000e-001
  0.000000e+000  9.869000e-001  7.804000e-001
  0.000000e+000  9.869000e-001  7.804000e-001
  0.000000e+000  9.869000e-001  7.804000e-001
  0.000000e+000  9.869000e-001  7.804000e-001
  0.000000e+000  9.869000e-001  7.804000e-001
  0.000000e+000  9.999000e-001  6.963000e-001
  0.000000e+000  9.869000e-001  7.804000e-001
  0.000000e+000  9.869000e-001  7.804000e-001
  0.000000e+000  9.869000e-001  7.804000e-001
  0.000000e+000  9.869000e-001  7.804000e-001
  1.442634e-011  9.869000e-001  7.804000e-001
  2.990419e-005  9.869000e-001  7.804000e-001
  1.639540e-003  9.869000e-001  7.804000e-001
  1.630833e-003  9.869000e-001  7.804000e-001
  3.907302e-003  9.869000e-001  7.804000e-001
  6.531370e-003  9.869000e-001  7.804000e-001
  7.394004e-003  9.869000e-001  7.804000e-001
  7.789155e-003  9.869000e-001  7.804000e-001
  8.894237e-003  9.869000e-001  7.804000e-001
  1.316722e-002  9.869000e-001  7.804000e-001
  7.869524e-002  9.869000e-001  7.804000e-001
 4.1780e-001
  0.000000e+000  9.871000e-001  7.791000e-001
  0.000000e+000  9.871000e-001  7.791000e-001
  0.000000e+000  9.871000e-001  7.791000e-001
  0.000000e+000  9.871000e-001  7.791000e-001
  0.000000e+000  9.871000e-001  7.791000e-001
  0.000000e+000  9.871000e-001  7.791000e-001
  0.000000e+000  9.871000e-001  7.791000e-001
  0.000000e+000  9.871000e-001  7.791000e-001
  0.000000e+000  9.871000e-001  7.791000e-001
  0.000000e+000  9.871000e-001  7.791000e-001
  0.000000e+000  9.871000e-001  7.791000e-001
  0.000000e+000  9.871000e-001  7.791000e-001
  0.000000e+000  9.871000e-001  7.791000e-001
  0.000000e+000  9.871000e-001  7.791000e-001
  0.000000e+000  9.871000e-001  7.791000e-001
  0.000000e+000  9.871000e-001  7.791000e-001
  0.000000e+000  9.871000e-001  7.791000e-001
  0.000000e+000  9.999000e-001  6.933000e-001
  0.000000e+000  9.871000e-001  7.791000e-001
  0.000000e+000  9.871000e-001  7.791000e-001
  0.000000e+000  9.871000e-001  7.791000e-001
  0.000000e+000  9.871000e-001  7.791000e-001
  1.345754e-011  9.871000e-001  7.791000e-001
  2.789978e-005  9.871000e-001  7.791000e-001
  1.529966e-003  9.871000e-001  7.791000e-001
  1.521258e-003  9.871000e-001  7.791000e-001
  3.645393e-003  9.871000e-001  7.791000e-001
  6.093741e-003  9.871000e-001  7.791000e-001
  6.899586e-003  9.871000e-001  7.791000e-001
  7.268011e-003  9.871000e-001  7.791000e-001
  8.292900e-003  9.871000e-001  7.791000e-001
  1.228528e-002  9.871000e-001  7.791000e-001
  7.341695e-002  9.871000e-001  7.791000e-001
 4.6290e-001
  0.000000e+000  9.872000e-001  7.779000e-001
  0.000000e+000  9.872000e-001  7.779000e-001
  0.000000e+000  9.872000e-001  7.779000e-001
  0.000000e+000  9.872000e-001  7.779000e-001
  0.000000e+000  9.872000e-001  7.779000e-001
  0.000000e+000  9.872000e-001  7.779000e-001
  0.000000e+000  9.872000e-001  7.779000e-001
  0.000000e+000  9.872000e-001  7.779000e-001
  0.000000e+000  9.872000e-001  7.779000e-001
  0.000000e+000  9.872000e-001  7.779000e-001
  0.000000e+000  9.872000e-001  7.779000e-001
  0.000000e+000  9.872000e-001  7.779000e-001
  0.000000e+000  9.872000e-001  7.779000e-001
  0.000000e+000  9.872000e-001  7.779000e-001
  0.000000e+000  9.872000e-001  7.779000e-001
  0.000000e+000  9.872000e-001  7.779000e-001
  0.000000e+000  9.872000e-001  7.779000e-001
  0.000000e+000  9.999000e-001  6.903000e-001
  0.000000e+000  9.872000e-001  7.779000e-001
  0.000000e+000  9.872000e-001  7.779000e-001
  0.000000e+000  9.872000e-001  7.779000e-001
  0.000000e+000  9.872000e-001  7.779000e-001
  1.255558e-011  9.872000e-001  7.779000e-001
  2.603575e-005  9.872000e-001  7.779000e-001
  1.427075e-003  9.872000e-001  7.779000e-001
  1.419705e-003  9.872000e-001  7.779000e-001
  3.401531e-003  9.872000e-001  7.779000e-001
  5.686190e-003  9.872000e-001  7.779000e-001
  6.438587e-003  9.872000e-001  7.779000e-001
  6.780282e-003  9.872000e-001  7.779000e-001
  7.738365e-003  9.872000e-001  7.779000e-001
  1.146350e-002  9.872000e-001  7.779000e-001
  6.847280e-002  9.872000e-001  7.779000e-001
 5.1300e-001
  0.000000e+000  9.873000e-001  7.766000e-001
  0.000000e+000  9.873000e-001  7.766000e-001
  0.000000e+000  9.873000e-001  7.766000e-001
  0.000000e+000  9.873000e-001  7.766000e-001
  0.000000e+000  9.873000e-001  7.766000e-001
  0.000000e+000  9.873000e-001  7.766000e-001
  0.000000e+000  9.873000e-001  7.766000e-001
  0.000000e+000  9.873000e-001  7.766000e-001
  0.000000e+000  9.873000e-001  7.766000e-001
  0.000000e+000  9.873000e-001  7.766000e-001
  0.000000e+000  9.873000e-001  7.766000e-001
  0.000000e+000  9.873000e-001  7.766000e-001
  0.000000e+000  9.873000e-001  7.766000e-001
  0.000000e+000  9.873000e-001  7.766000e-001
  0.000000e+000  9.873000e-001  7.766000e-001
  0.000000e+000  9.873000e-001  7.766000e-001
  0.000000e+000  9.873000e-001  7.766000e-001
  0.000000e+000  9.999000e-001  6.873000e-001
  0.000000e+000  9.873000e-001  7.766000e-001
  0.000000e+000  9.873000e-001  7.766000e-001
  0.000000e+000  9.873000e-001  7.766000e-001
  0.000000e+000  9.873000e-001  7.766000e-001
  1.170717e-011  9.873000e-001  7.766000e-001
  2.427831e-005  9.873000e-001  7.766000e-001
  1.330787e-003  9.873000e-001  7.766000e-001
  1.324089e-003  9.873000e-001  7.766000e-001
  3.172589e-003  9.873000e-001  7.766000e-001
  5.302384e-003  9.873000e-001  7.766000e-001
  6.004278e-003  9.873000e-001  7.766000e-001
  6.324417e-003  9.873000e-001  7.766000e-001
  7.219867e-003  9.873000e-001  7.766000e-001
  1.068916e-002  9.873000e-001  7.766000e-001
  6.388713e-002  9.873000e-001  7.766000e-001
 5.6850e-001
  0.000000e+000  9.872000e-001  7.745000e-001
  0.000000e+000  9.872000e-001  7.745000e-001
  0.000000e+000  9.872000e-001  7.745000e-001
  0.000000e+000  9.872000e-001  7.745000e-001
  0.000000e+000  9.872000e-001  7.745000e-001
  0.000000e+000  9.872000e-001  7.745000e-001
  0.000000e+000  9.872000e-001  7.745000e-001
  0.000000e+000  9.872000e-001  7.745000e-001
  0.000000e+000  9.872000e-001  7.745000e-001
  0.000000e+000  9.872000e-001  7.745000e-001
  0.000000e+000  9.872000e-001  7.745000e-001
  0.000000e+000  9.872000e-001  7.745000e-001
  0.000000e+000  9.872000e-001  7.745000e-001
  0.000000e+000  9.872000e-001  7.745000e-001
  0.000000e+000  9.872000e-001  7.745000e-001
  0.000000e+000  9.872000e-001  7.745000e-001
  0.000000e+000  9.872000e-001  7.745000e-001
  0.000000e+000  9.999000e-001  6.814000e-001
  0.000000e+000  9.872000e-001  7.745000e-001
  0.000000e+000  9.872000e-001  7.745000e-001
  0.000000e+000  9.872000e-001  7.745000e-001
  0.000000e+000  9.872000e-001  7.745000e-001
  1.084343e-011  9.872000e-001  7.745000e-001
  2.247718e-005  9.872000e-001  7.745000e-001
  1.232360e-003  9.872000e-001  7.745000e-001
  1.225662e-003  9.872000e-001  7.745000e-001
  2.936902e-003  9.872000e-001  7.745000e-001
  4.908678e-003  9.872000e-001  7.745000e-001
  5.558346e-003  9.872000e-001  7.745000e-001
  5.854381e-003  9.872000e-001  7.745000e-001
  6.682875e-003  9.872000e-001  7.745000e-001
  9.899067e-003  9.872000e-001  7.745000e-001
  5.913989e-002  9.872000e-001  7.745000e-001
 6.3000e-001
  0.000000e+000  9.868000e-001  7.707000e-001
  0.000000e+000  9.868000e-001  7.707000e-001
  0.000000e+000  9.868000e-001  7.707000e-001
  0.000000e+000  9.868000e-001  7.707000e-001
  0.000000e+000  9.868000e-001  7.707000e-001
  0.000000e+000  9.868000e-001  7.707000e-001
  0.000000e+000  9.868000e-001  7.707000e-001
  0.000000e+000  9.868000e-001  7.707000e-001
  0.000000e+000  9.868000e-001  7.707000e-001
  0.000000e+000  9.868000e-001  7.707000e-001
  0.000000e+000  9.868000e-001  7.707000e-001
  0.000000e+000  9.868000e-001  7.707000e-001
  0.000000e+000  9.868000e-001  7.707000e-001
  0.000000e+000  9.868000e-001  7.707000e-001
  0.000000e+000  9.868000e-001  7.707000e-001
  0.000000e+000  9.868000e-001  7.707000e-001
  0.000000e+000  9.868000e-001  7.707000e-001
  0.000000e+000  9.999000e-001  6.694000e-001
  0.000000e+000  9.868000e-001  7.707000e-001
  0.000000e+000  9.868000e-001  7.707000e-001
  0.000000e+000  9.868000e-001  7.707000e-001
  0.000000e+000  9.868000e-001  7.707000e-001
  9.873051e-012  9.868000e-001  7.707000e-001
  2.046950e-005  9.868000e-001  7.707000e-001
  1.122607e-003  9.868000e-001  7.707000e-001
  1.116579e-003  9.868000e-001  7.707000e-001
  2.675235e-003  9.868000e-001  7.707000e-001
  4.471675e-003  9.868000e-001  7.707000e-001
  5.063120e-003  9.868000e-001  7.707000e-001
  5.333055e-003  9.868000e-001  7.707000e-001
  6.087265e-003  9.868000e-001  7.707000e-001
  9.015690e-003  9.868000e-001  7.707000e-001
  5.387310e-002  9.868000e-001  7.707000e-001
 6.9810e-001
  0.000000e+000  9.862000e-001  7.668000e-001
  0.000000e+000  9.862000e-001  7.668000e-001
  0.000000e+000  9.862000e-001  7.668000e-001
  0.000000e+000  9.862000e-001  7.668000e-001
  0.000000e+000  9.862000e-001  7.668000e-001
  0.000000e+000  9.862000e-001  7.668000e-001
  0.000000e+000  9.862000e-001  7.668000e-001
  0.000000e+000  9.862000e-001  7.668000e-001
  0.000000e+000  9.862000e-001  7.668000e-001
  0.000000e+000  9.862000e-001  7.668000e-001
  0.000000e+000  9.862000e-001  7.668000e-001
  0.000000e+000  9.862000e-001  7.668000e-001
  0.000000e+000  9.862000e-001  7.668000e-001
  0.000000e+000  9.862000e-001  7.668000e-001
  0.000000e+000  9.862000e-001  7.668000e-001
  0.000000e+000  9.862000e-001  7.668000e-001
  0.000000e+000  9.862000e-001  7.668000e-001
  0.000000e+000  9.999000e-001  6.572000e-001
  0.000000e+000  9.862000e-001  7.668000e-001
  0.000000e+000  9.862000e-001  7.668000e-001
  0.000000e+000  9.862000e-001  7.668000e-001
  0.000000e+000  9.862000e-001  7.668000e-001
  8.981665e-012  9.862000e-001  7.668000e-001
  1.862640e-005  9.862000e-001  7.668000e-001
  1.021405e-003  9.862000e-001  7.668000e-001
  1.015377e-003  9.862000e-001  7.668000e-001
  2.433958e-003  9.862000e-001  7.668000e-001
  4.068205e-003  9.862000e-001  7.668000e-001
  4.606703e-003  9.862000e-001  7.668000e-001
  4.852510e-003  9.862000e-001  7.668000e-001
  5.538358e-003  9.862000e-001  7.668000e-001
  8.204727e-003  9.862000e-001  7.668000e-001
  4.901404e-002  9.862000e-001  7.668000e-001
 7.7360e-001
  0.000000e+000  9.838000e-001  7.624000e-001
  0.000000e+000  9.838000e-001  7.624000e-001
  0.000000e+000  9.838000e-001  7.624000e-001
  0.000000e+000  9.838000e-001  7.624000e-001
  0.000000e+000  9.838000e-001  7.624000e-001
  0.000000e+000  9.838000e-001  7.624000e-001
  0.000000e+000  9.838000e-001  7.624000e-001
  0.000000e+000  9.838000e-001  7.624000e-001
  0.000000e+000  9.838000e-001  7.624000e-001
  0.000000e+000  9.838000e-001  7.624000e-001
  0.000000e+000  9.838000e-001  7.624000e-001
  0.000000e+000  9.838000e-001  7.624000e-001
  0.000000e+000  9.838000e-001  7.624000e-001
  0.000000e+000  9.838000e-001  7.624000e-001
  0.000000e+000  9.838000e-001  7.624000e-001
  0.000000e+000  9.838000e-001  7.624000e-001
  0.000000e+000  9.838000e-001  7.624000e-001
  0.000000e+000  9.998000e-001  6.402000e-001
  0.000000e+000  9.838000e-001  7.624000e-001
  0.000000e+000  9.838000e-001  7.624000e-001
  0.000000e+000  9.838000e-001  7.624000e-001
  0.000000e+000  9.838000e-001  7.624000e-001
  8.031277e-012  9.838000e-001  7.624000e-001
  1.665871e-005  9.838000e-001  7.624000e-001
  9.129801e-004  9.838000e-001  7.624000e-001
  9.082912e-004  9.838000e-001  7.624000e-001
  2.176282e-003  9.838000e-001  7.624000e-001
  3.637854e-003  9.838000e-001  7.624000e-001
  4.119463e-003  9.838000e-001  7.624000e-001
  4.339167e-003  9.838000e-001  7.624000e-001
  4.952732e-003  9.838000e-001  7.624000e-001
  7.334652e-003  9.838000e-001  7.624000e-001
  4.382706e-002  9.838000e-001  7.624000e-001
 8.5720e-001
  0.000000e+000  9.810000e-001  7.580000e-001
  0.000000e+000  9.810000e-001  7.580000e-001
  0.000000e+000  9.810000e-001  7.580000e-001
  0.000000e+000  9.810000e-001  7.580000e-001
  0.000000e+000  9.810000e-001  7.580000e-001
  0.000000e+000  9.810000e-001  7.580000e-001
  0.000000e+000  9.810000e-001  7.580000e-001
  0.000000e+000  9.810000e-001  7.580000e-001
  0.000000e+000  9.810000e-001  7.580000e-001
  0.000000e+000  9.810000e-001  7.580000e-001
  0.000000e+000  9.810000e-001  7.580000e-001
  0.000000e+000  9.810000e-001  7.580000e-001
  0.000000e+000  9.810000e-001  7.580000e-001
  0.000000e+000  9.810000e-001  7.580000e-001
  0.000000e+000  9.810000e-001  7.580000e-001
  0.000000e+000  9.810000e-001  7.580000e-001
  0.000000e+000  9.810000e-001  7.580000e-001
  0.000000e+000  9.998000e-001  6.231000e-001
  0.000000e+000  9.810000e-001  7.580000e-001
  0.000000e+000  9.810000e-001  7.580000e-001
  0.000000e+000  9.810000e-001  7.580000e-001
  0.000000e+000  9.810000e-001  7.580000e-001
  7.180449e-012  9.810000e-001  7.580000e-001
  1.489005e-005  9.810000e-001  7.580000e-001
  8.165080e-004  9.810000e-001  7.580000e-001
  8.118193e-004  9.810000e-001  7.580000e-001
  1.945821e-003  9.810000e-001  7.580000e-001
  3.252636e-003  9.810000e-001  7.580000e-001
  3.683329e-003  9.810000e-001  7.580000e-001
  3.879586e-003  9.810000e-001  7.580000e-001
  4.428167e-003  9.810000e-001  7.580000e-001
  6.557517e-003  9.810000e-001  7.580000e-001
  3.919105e-002  9.810000e-001  7.580000e-001
 9.5000e-001
  0.000000e+000  9.776000e-001  7.536000e-001
  0.000000e+000  9.776000e-001  7.536000e-001
  0.000000e+000  9.776000e-001  7.536000e-001
  0.000000e+000  9.776000e-001  7.536000e-001
  0.000000e+000  9.776000e-001  7.536000e-001
  0.000000e+000  9.776000e-001  7.536000e-001
  0.000000e+000  9.776000e-001  7.536000e-001
  0.000000e+000  9.776000e-001  7.536000e-001
  0.000000e+000  9.776000e-001  7.536000e-001
  0.000000e+000  9.776000e-001  7.536000e-001
  0.000000e+000  9.776000e-001  7.536000e-001
  0.000000e+000  9.776000e-001  7.536000e-001
  0.000000e+000  9.776000e-001  7.536000e-001
  0.000000e+000  9.776000e-001  7.536000e-001
  0.000000e+000  9.776000e-001  7.536000e-001
  0.000000e+000  9.776000e-001  7.536000e-001
  0.000000e+000  9.776000e-001  7.536000e-001
  0.000000e+000  9.997000e-001  6.061000e-001
  0.000000e+000  9.776000e-001  7.536000e-001
  0.000000e+000  9.776000e-001  7.536000e-001
  0.000000e+000  9.776000e-001  7.536000e-001
  0.000000e+000  9.776000e-001  7.536000e-001
  6.422838e-012  9.776000e-001  7.536000e-001
  1.331588e-005  9.776000e-001  7.536000e-001
  7.300962e-004  9.776000e-001  7.536000e-001
  7.260774e-004  9.776000e-001  7.536000e-001
  1.740174e-003  9.776000e-001  7.536000e-001
  2.908328e-003  9.776000e-001  7.536000e-001
  3.293471e-003  9.776000e-001  7.536000e-001
  3.468962e-003  9.776000e-001  7.536000e-001
  3.959266e-003  9.776000e-001  7.536000e-001
  5.862874e-003  9.776000e-001  7.536000e-001
  3.503792e-002  9.776000e-001  7.536000e-001
 1.0530e+000
  0.000000e+000  9.737000e-001  7.491000e-001
  0.000000e+000  9.737000e-001  7.491000e-001
  0.000000e+000  9.737000e-001  7.491000e-001
  0.000000e+000  9.737000e-001  7.491000e-001
  0.000000e+000  9.737000e-001  7.491000e-001
  0.000000e+000  9.737000e-001  7.491000e-001
  0.000000e+000  9.737000e-001  7.491000e-001
  0.000000e+000  9.737000e-001  7.491000e-001
  0.000000e+000  9.737000e-001  7.491000e-001
  0.000000e+000  9.737000e-001  7.491000e-001
  0.000000e+000  9.737000e-001  7.491000e-001
  0.000000e+000  9.737000e-001  7.491000e-001
  0.000000e+000  9.737000e-001  7.491000e-001
  0.000000e+000  9.737000e-001  7.491000e-001
  0.000000e+000  9.737000e-001  7.491000e-001
  0.000000e+000  9.737000e-001  7.491000e-001
  0.000000e+000  9.737000e-001  7.491000e-001
  0.000000e+000  9.996000e-001  5.892000e-001
  0.000000e+000  9.737000e-001  7.491000e-001
  0.000000e+000  9.737000e-001  7.491000e-001
  0.000000e+000  9.737000e-001  7.491000e-001
  0.000000e+000  9.737000e-001  7.491000e-001
  5.742440e-012  9.737000e-001  7.491000e-001
  1.190146e-005  9.737000e-001  7.491000e-001
  6.526718e-004  9.737000e-001  7.491000e-001
  6.491891e-004  9.737000e-001  7.491000e-001
  1.555830e-003  9.737000e-001  7.491000e-001
  2.599971e-003  9.737000e-001  7.491000e-001
  2.944223e-003  9.737000e-001  7.491000e-001
  3.100944e-003  9.737000e-001  7.491000e-001
  3.539631e-003  9.737000e-001  7.491000e-001
  5.242136e-003  9.737000e-001  7.491000e-001
  3.133093e-002  9.737000e-001  7.491000e-001
 1.1670e+000
  0.000000e+000  9.707000e-001  7.466000e-001
  0.000000e+000  9.707000e-001  7.466000e-001
  0.000000e+000  9.707000e-001  7.466000e-001
  0.000000e+000  9.707000e-001  7.466000e-001
  0.000000e+000  9.707000e-001  7.466000e-001
  0.000000e+000  9.707000e-001  7.466000e-001
  0.000000e+000  9.707000e-001  7.466000e-001
  0.000000e+000  9.707000e-001  7.466000e-001
  0.000000e+000  9.707000e-001  7.466000e-001
  0.000000e+000  9.707000e-001  7.466000e-001
  0.000000e+000  9.707000e-001  7.466000e-001
  0.000000e+000  9.707000e-001  7.466000e-001
  0.000000e+000  9.707000e-001  7.466000e-001
  0.000000e+000  9.707000e-001  7.466000e-001
  0.000000e+000  9.707000e-001  7.466000e-001
  0.000000e+000  9.707000e-001  7.466000e-001
  0.000000e+000  9.707000e-001  7.466000e-001
  0.000000e+000  9.995000e-001  5.655000e-001
  0.000000e+000  9.707000e-001  7.466000e-001
  0.000000e+000  9.707000e-001  7.466000e-001
  0.000000e+000  9.707000e-001  7.466000e-001
  0.000000e+000  9.707000e-001  7.466000e-001
  5.080728e-012  9.707000e-001  7.466000e-001
  1.052987e-005  9.707000e-001  7.466000e-001
  5.774681e-004  9.707000e-001  7.466000e-001
  5.743199e-004  9.707000e-001  7.466000e-001
  1.376519e-003  9.707000e-001  7.466000e-001
  2.300227e-003  9.707000e-001  7.466000e-001
  2.605003e-003  9.707000e-001  7.466000e-001
  2.743660e-003  9.707000e-001  7.466000e-001
  3.132167e-003  9.707000e-001  7.466000e-001
  4.637964e-003  9.707000e-001  7.466000e-001
  2.771793e-002  9.707000e-001  7.466000e-001
 1.2930e+000
  0.000000e+000  9.676000e-001  7.442000e-001
  0.000000e+000  9.676000e-001  7.442000e-001
  0.000000e+000  9.676000e-001  7.442000e-001
  0.000000e+000  9.676000e-001  7.442000e-001
  0.000000e+000  9.676000e-001  7.442000e-001
  0.000000e+000  9.676000e-001  7.442000e-001
  0.000000e+000  9.676000e-001  7.442000e-001
  0.000000e+000  9.676000e-001  7.442000e-001
  0.000000e+000  9.676000e-001  7.442000e-001
  0.000000e+000  9.676000e-001  7.442000e-001
  0.000000e+000  9.676000e-001  7.442000e-001
  0.000000e+000  9.676000e-001  7.442000e-001
  0.000000e+000  9.676000e-001  7.442000e-001
  0.000000e+000  9.676000e-001  7.442000e-001
  0.000000e+000  9.676000e-001  7.442000e-001
  0.000000e+000  9.676000e-001  7.442000e-001
  0.000000e+000  9.676000e-001  7.442000e-001
  0.000000e+000  9.992000e-001  5.414000e-001
  0.000000e+000  9.676000e-001  7.442000e-001
  0.000000e+000  9.676000e-001  7.442000e-001
  0.000000e+000  9.676000e-001  7.442000e-001
  0.000000e+000  9.676000e-001  7.442000e-001
  4.490197e-012  9.676000e-001  7.442000e-001
  9.309925e-006  9.676000e-001  7.442000e-001
  5.103714e-004  9.676000e-001  7.442000e-001
  5.076253e-004  9.676000e-001  7.442000e-001
  1.216318e-003  9.676000e-001  7.442000e-001
  2.033448e-003  9.676000e-001  7.442000e-001
  2.302699e-003  9.676000e-001  7.442000e-001
  2.425269e-003  9.676000e-001  7.442000e-001
  2.768196e-003  9.676000e-001  7.442000e-001
  4.099046e-003  9.676000e-001  7.442000e-001
  2.450051e-002  9.676000e-001  7.442000e-001
 1.4320e+000
  0.000000e+000  9.641000e-001  7.418000e-001
  0.000000e+000  9.641000e-001  7.418000e-001
  0.000000e+000  9.641000e-001  7.418000e-001
  0.000000e+000  9.641000e-001  7.418000e-001
  0.000000e+000  9.641000e-001  7.418000e-001
  0.000000e+000  9.641000e-001  7.418000e-001
  0.000000e+000  9.641000e-001  7.418000e-001
  0.000000e+000  9.641000e-001  7.418000e-001
  0.000000e+000  9.641000e-001  7.418000e-001
  0.000000e+000  9.641000e-001  7.418000e-001
  0.000000e+000  9.641000e-001  7.418000e-001
  0.000000e+000  9.641000e-001  7.418000e-001
  0.000000e+000  9.641000e-001  7.418000e-001
  0.000000e+000  9.641000e-001  7.418000e-001
  0.000000e+000  9.641000e-001  7.418000e-001
  0.000000e+000  9.641000e-001  7.418000e-001
  0.000000e+000  9.641000e-001  7.418000e-001
  0.000000e+000  9.985000e-001  5.175000e-001
  0.000000e+000  9.641000e-001  7.418000e-001
  0.000000e+000  9.641000e-001  7.418000e-001
  0.000000e+000  9.641000e-001  7.418000e-001
  0.000000e+000  9.641000e-001  7.418000e-001
  3.969020e-012  9.641000e-001  7.418000e-001
  8.231396e-006  9.641000e-001  7.418000e-001
  4.511529e-004  9.641000e-001  7.418000e-001
  4.486747e-004  9.641000e-001  7.418000e-001
  1.074971e-003  9.641000e-001  7.418000e-001
  1.796976e-003  9.641000e-001  7.418000e-001
  2.035412e-003  9.641000e-001  7.418000e-001
  2.143244e-003  9.641000e-001  7.418000e-001
  2.446647e-003  9.641000e-001  7.418000e-001
  3.623422e-003  9.641000e-001  7.418000e-001
  2.165346e-002  9.641000e-001  7.418000e-001
 1.5870e+000
  0.000000e+000  9.606000e-001  7.415000e-001
  0.000000e+000  9.606000e-001  7.415000e-001
  0.000000e+000  9.606000e-001  7.415000e-001
  0.000000e+000  9.606000e-001  7.415000e-001
  0.000000e+000  9.606000e-001  7.415000e-001
  0.000000e+000  9.606000e-001  7.415000e-001
  0.000000e+000  9.606000e-001  7.415000e-001
  0.000000e+000  9.606000e-001  7.415000e-001
  0.000000e+000  9.606000e-001  7.415000e-001
  0.000000e+000  9.606000e-001  7.415000e-001
  0.000000e+000  9.606000e-001  7.415000e-001
  0.000000e+000  9.606000e-001  7.415000e-001
  0.000000e+000  9.606000e-001  7.415000e-001
  0.000000e+000  9.606000e-001  7.415000e-001
  0.000000e+000  9.606000e-001  7.415000e-001
  0.000000e+000  9.606000e-001  7.415000e-001
  0.000000e+000  9.606000e-001  7.415000e-001
  0.000000e+000  9.963000e-001  4.920000e-001
  0.000000e+000  9.606000e-001  7.415000e-001
  0.000000e+000  9.606000e-001  7.415000e-001
  0.000000e+000  9.606000e-001  7.415000e-001
  0.000000e+000  9.606000e-001  7.415000e-001
  3.511172e-012  9.606000e-001  7.415000e-001
  7.282283e-006  9.606000e-001  7.415000e-001
  3.990852e-004  9.606000e-001  7.415000e-001
  3.970084e-004  9.606000e-001  7.415000e-001
  9.513195e-004  9.606000e-001  7.415000e-001
  1.589775e-003  9.606000e-001  7.415000e-001
  1.800807e-003  9.606000e-001  7.415000e-001
  1.896609e-003  9.606000e-001  7.415000e-001
  2.164586e-003  9.606000e-001  7.415000e-001
  3.205678e-003  9.606000e-001  7.415000e-001
  1.915368e-002  9.606000e-001  7.415000e-001
 1.7590e+000
  0.000000e+000  9.572000e-001  7.456000e-001
  0.000000e+000  9.572000e-001  7.456000e-001
  0.000000e+000  9.572000e-001  7.456000e-001
  0.000000e+000  9.572000e-001  7.456000e-001
  0.000000e+000  9.572000e-001  7.456000e-001
  0.000000e+000  9.572000e-001  7.456000e-001
  0.000000e+000  9.572000e-001  7.456000e-001
  0.000000e+000  9.572000e-001  7.456000e-001
  0.000000e+000  9.572000e-001  7.456000e-001
  0.000000e+000  9.572000e-001  7.456000e-001
  0.000000e+000  9.572000e-001  7.456000e-001
  0.000000e+000  9.572000e-001  7.456000e-001
  0.000000e+000  9.572000e-001  7.456000e-001
  0.000000e+000  9.572000e-001  7.456000e-001
  0.000000e+000  9.572000e-001  7.456000e-001
  0.000000e+000  9.572000e-001  7.456000e-001
  0.000000e+000  9.572000e-001  7.456000e-001
  0.000000e+000  9.911000e-001  4.629000e-001
  0.000000e+000  9.572000e-001  7.456000e-001
  0.000000e+000  9.572000e-001  7.456000e-001
  0.000000e+000  9.572000e-001  7.456000e-001
  0.000000e+000  9.572000e-001  7.456000e-001
  3.109123e-012  9.572000e-001  7.456000e-001
  6.445972e-006  9.572000e-001  7.456000e-001
  3.533764e-004  9.572000e-001  7.456000e-001
  3.515011e-004  9.572000e-001  7.456000e-001
  8.425845e-004  9.572000e-001  7.456000e-001
  1.407880e-003  9.572000e-001  7.456000e-001
  1.594079e-003  9.572000e-001  7.456000e-001
  1.679141e-003  9.572000e-001  7.456000e-001
  1.916913e-003  9.572000e-001  7.456000e-001
  2.837862e-003  9.572000e-001  7.456000e-001
  1.695886e-002  9.572000e-001  7.456000e-001
 1.9490e+000
  0.000000e+000  9.535000e-001  7.497000e-001
  0.000000e+000  9.535000e-001  7.497000e-001
  0.000000e+000  9.535000e-001  7.497000e-001
  0.000000e+000  9.535000e-001  7.497000e-001
  0.000000e+000  9.535000e-001  7.497000e-001
  0.000000e+000  9.535000e-001  7.497000e-001
  0.000000e+000  9.535000e-001  7.497000e-001
  0.000000e+000  9.535000e-001  7.497000e-001
  0.000000e+000  9.535000e-001  7.497000e-001
  0.000000e+000  9.535000e-001  7.497000e-001
  0.000000e+000  9.535000e-001  7.497000e-001
  0.000000e+000  9.535000e-001  7.497000e-001
  0.000000e+000  9.535000e-001  7.497000e-001
  0.000000e+000  9.535000e-001  7.497000e-001
  0.000000e+000  9.535000e-001  7.497000e-001
  0.000000e+000  9.535000e-001  7.497000e-001
  0.000000e+000  9.535000e-001  7.497000e-001
  0.000000e+000  9.767000e-001  4.348000e-001
  0.000000e+000  9.535000e-001  7.497000e-001
  0.000000e+000  9.535000e-001  7.497000e-001
  0.000000e+000  9.535000e-001  7.497000e-001
  0.000000e+000  9.535000e-001  7.497000e-001
  2.753593e-012  9.535000e-001  7.497000e-001
  5.708800e-006  9.535000e-001  7.497000e-001
  3.130027e-004  9.535000e-001  7.497000e-001
  3.113282e-004  9.535000e-001  7.497000e-001
  7.461695e-004  9.535000e-001  7.497000e-001
  1.247188e-003  9.535000e-001  7.497000e-001
  1.411962e-003  9.535000e-001  7.497000e-001
  1.486981e-003  9.535000e-001  7.497000e-001
  1.697301e-003  9.535000e-001  7.497000e-001
  2.513801e-003  9.535000e-001  7.497000e-001
  1.502386e-002  9.535000e-001  7.497000e-001
 2.1600e+000
  0.000000e+000  9.636000e-001  7.582000e-001
  0.000000e+000  9.636000e-001  7.582000e-001
  0.000000e+000  9.636000e-001  7.582000e-001
  0.000000e+000  9.636000e-001  7.582000e-001
  0.000000e+000  9.636000e-001  7.582000e-001
  0.000000e+000  9.636000e-001  7.582000e-001
  0.000000e+000  9.636000e-001  7.582000e-001
  0.000000e+000  9.636000e-001  7.582000e-001
  0.000000e+000  9.636000e-001  7.582000e-001
  0.000000e+000  9.636000e-001  7.582000e-001
  0.000000e+000  9.636000e-001  7.582000e-001
  0.000000e+000  9.636000e-001  7.582000e-001
  0.000000e+000  9.636000e-001  7.582000e-001
  0.000000e+000  9.636000e-001  7.582000e-001
  0.000000e+000  9.636000e-001  7.582000e-001
  0.000000e+000  9.636000e-001  7.582000e-001
  0.000000e+000  9.636000e-001  7.582000e-001
  0.000000e+000  9.569000e-001  4.068000e-001
  0.000000e+000  9.636000e-001  7.582000e-001
  0.000000e+000  9.636000e-001  7.582000e-001
  0.000000e+000  9.636000e-001  7.582000e-001
  0.000000e+000  9.636000e-001  7.582000e-001
  2.465294e-012  9.636000e-001  7.582000e-001
  5.111416e-006  9.636000e-001  7.582000e-001
  2.802170e-004  9.636000e-001  7.582000e-001
  2.787436e-004  9.636000e-001  7.582000e-001
  6.679264e-004  9.636000e-001  7.582000e-001
  1.116448e-003  9.636000e-001  7.582000e-001
  1.264459e-003  9.636000e-001  7.582000e-001
  1.331433e-003  9.636000e-001  7.582000e-001
  1.519628e-003  9.636000e-001  7.582000e-001
  2.250978e-003  9.636000e-001  7.582000e-001
  1.344827e-002  9.636000e-001  7.582000e-001
 2.3940e+000
  0.000000e+000  9.497000e-001  7.806000e-001
  0.000000e+000  9.497000e-001  7.806000e-001
  0.000000e+000  9.497000e-001  7.806000e-001
  0.000000e+000  9.497000e-001  7.806000e-001
  0.000000e+000  9.497000e-001  7.806000e-001
  0.000000e+000  9.497000e-001  7.806000e-001
  0.000000e+000  9.497000e-001  7.806000e-001
  0.000000e+000  9.497000e-001  7.806000e-001
  0.000000e+000  9.497000e-001  7.806000e-001
  0.000000e+000  9.497000e-001  7.806000e-001
  0.000000e+000  9.497000e-001  7.806000e-001
  0.000000e+000  9.497000e-001  7.806000e-001
  0.000000e+000  9.497000e-001  7.806000e-001
  0.000000e+000  9.497000e-001  7.806000e-001
  0.000000e+000  9.497000e-001  7.806000e-001
  0.000000e+000  9.497000e-001  7.806000e-001
  0.000000e+000  9.497000e-001  7.806000e-001
  0.000000e+000  9.069000e-001  3.798000e-001
  0.000000e+000  9.497000e-001  7.806000e-001
  0.000000e+000  9.497000e-001  7.806000e-001
  0.000000e+000  9.497000e-001  7.806000e-001
  0.000000e+000  9.497000e-001  7.806000e-001
  2.209451e-012  9.497000e-001  7.806000e-001
  4.580307e-006  9.497000e-001  7.806000e-001
  2.510831e-004  9.497000e-001  7.806000e-001
  2.497436e-004  9.497000e-001  7.806000e-001
  5.984738e-004  9.497000e-001  7.806000e-001
  1.000582e-003  9.497000e-001  7.806000e-001
  1.132519e-003  9.497000e-001  7.806000e-001
  1.193465e-003  9.497000e-001  7.806000e-001
  1.362238e-003  9.497000e-001  7.806000e-001
  2.016568e-003  9.497000e-001  7.806000e-001
  1.205520e-002  9.497000e-001  7.806000e-001
 2.6530e+000
  0.000000e+000  7.586000e-001  8.537000e-001
  0.000000e+000  7.586000e-001  8.537000e-001
  0.000000e+000  7.586000e-001  8.537000e-001
  0.000000e+000  7.586000e-001  8.537000e-001
  0.000000e+000  7.586000e-001  8.537000e-001
  0.000000e+000  7.586000e-001  8.537000e-001
  0.000000e+000  7.586000e-001  8.537000e-001
  0.000000e+000  7.586000e-001  8.537000e-001
  0.000000e+000  7.586000e-001  8.537000e-001
  0.000000e+000  7.586000e-001  8.537000e-001
  0.000000e+000  7.586000e-001  8.537000e-001
  0.000000e+000  7.586000e-001  8.537000e-001
  0.000000e+000  7.586000e-001  8.537000e-001
  0.000000e+000  7.586000e-001  8.537000e-001
  0.000000e+000  7.586000e-001  8.537000e-001
  0.000000e+000  7.586000e-001  8.537000e-001
  0.000000e+000  7.586000e-001  8.537000e-001
  0.000000e+000  7.613000e-001  3.534000e-001
  0.000000e+000  7.586000e-001  8.537000e-001
  0.000000e+000  7.586000e-001  8.537000e-001
  0.000000e+000  7.586000e-001  8.537000e-001
  0.000000e+000  7.586000e-001  8.537000e-001
  1.996922e-012  7.586000e-001  8.537000e-001
  4.139878e-006  7.586000e-001  8.537000e-001
  2.269564e-004  7.586000e-001  8.537000e-001
  2.257506e-004  7.586000e-001  8.537000e-001
  5.409307e-004  7.586000e-001  8.537000e-001
  9.043423e-004  7.586000e-001  8.537000e-001
  1.023582e-003  7.586000e-001  8.537000e-001
  1.078512e-003  7.586000e-001  8.537000e-001
  1.231245e-003  7.586000e-001  8.537000e-001
  1.822752e-003  7.586000e-001  8.537000e-001
  1.089230e-002  7.586000e-001  8.537000e-001
 2.9390e+000
  0.000000e+000  3.845000e-001  7.760000e-001
  0.000000e+000  3.845000e-001  7.760000e-001
  0.000000e+000  3.845000e-001  7.760000e-001
  0.000000e+000  3.845000e-001  7.760000e-001
  0.000000e+000  3.845000e-001  7.760000e-001
  0.000000e+000  3.845000e-001  7.760000e-001
  0.000000e+000  3.845000e-001  7.760000e-001
  0.000000e+000  3.845000e-001  7.760000e-001
  0.000000e+000  3.845000e-001  7.760000e-001
  0.000000e+000  3.845000e-001  7.760000e-001
  0.000000e+000  3.845000e-001  7.760000e-001
  0.000000e+000  3.845000e-001  7.760000e-001
  0.000000e+000  3.845000e-001  7.760000e-001
  0.000000e+000  3.845000e-001  7.760000e-001
  0.000000e+000  3.845000e-001  7.760000e-001
  0.000000e+000  3.845000e-001  7.760000e-001
  0.000000e+000  3.845000e-001  7.760000e-001
  0.000000e+000  2.919000e-001  3.045000e-001
  0.000000e+000  3.845000e-001  7.760000e-001
  0.000000e+000  3.845000e-001  7.760000e-001
  0.000000e+000  3.845000e-001  7.760000e-001
  0.000000e+000  3.845000e-001  7.760000e-001
  3.511970e-012  3.845000e-001  7.760000e-001
  7.279770e-006  3.845000e-001  7.760000e-001
  3.991484e-004  3.845000e-001  7.760000e-001
  3.970053e-004  3.845000e-001  7.760000e-001
  9.516608e-004  3.845000e-001  7.760000e-001
  1.590566e-003  3.845000e-001  7.760000e-001
  1.800856e-003  3.845000e-001  7.760000e-001
  1.896624e-003  3.845000e-001  7.760000e-001
  2.165179e-003  3.845000e-001  7.760000e-001
  3.205911e-003  3.845000e-001  7.760000e-001
  1.916046e-002  3.845000e-001  7.760000e-001
 3.2570e+000
  0.000000e+000  6.288000e-001  7.372000e-001
  0.000000e+000  6.288000e-001  7.372000e-001
  0.000000e+000  6.288000e-001  7.372000e-001
  0.000000e+000  6.288000e-001  7.372000e-001
  0.000000e+000  6.288000e-001  7.372000e-001
  0.000000e+000  6.288000e-001  7.372000e-001
  0.000000e+000  6.288000e-001  7.372000e-001
  0.000000e+000  6.288000e-001  7.372000e-001
  0.000000e+000  6.288000e-001  7.372000e-001
  0.000000e+000  6.288000e-001  7.372000e-001
  0.000000e+000  6.288000e-001  7.372000e-001
  0.000000e+000  6.288000e-001  7.372000e-001
  0.000000e+000  6.288000e-001  7.372000e-001
  0.000000e+000  6.288000e-001  7.372000e-001
  0.000000e+000  6.288000e-001  7.372000e-001
  0.000000e+000  6.288000e-001  7.372000e-001
  0.000000e+000  6.288000e-001  7.372000e-001
  0.000000e+000  9.650000e-002  3.311000e-001
  0.000000e+000  6.288000e-001  7.372000e-001
  0.000000e+000  6.288000e-001  7.372000e-001
  0.000000e+000  6.288000e-001  7.372000e-001
  0.000000e+000  6.288000e-001  7.372000e-001
  2.759972e-012  6.288000e-001  7.372000e-001
  5.722253e-006  6.288000e-001  7.372000e-001
  3.137124e-004  6.288000e-001  7.372000e-001
  3.120376e-004  6.288000e-001  7.372000e-001
  7.476041e-004  6.288000e-001  7.372000e-001
  1.250026e-003  6.288000e-001  7.372000e-001
  1.415491e-003  6.288000e-001  7.372000e-001
  1.490519e-003  6.288000e-001  7.372000e-001
  1.701536e-003  6.288000e-001  7.372000e-001
  2.519480e-003  6.288000e-001  7.372000e-001
  1.505927e-002  6.288000e-001  7.372000e-001
 3.6100e+000
  0.000000e+000  8.703000e-001  7.370000e-001
  0.000000e+000  8.703000e-001  7.370000e-001
  0.000000e+000  8.703000e-001  7.370000e-001
  0.000000e+000  8.703000e-001  7.370000e-001
  0.000000e+000  8.703000e-001  7.370000e-001
  0.000000e+000  8.703000e-001  7.370000e-001
  0.000000e+000  8.703000e-001  7.370000e-001
  0.000000e+000  8.703000e-001  7.370000e-001
  0.000000e+000  8.703000e-001  7.370000e-001
  0.000000e+000  8.703000e-001  7.370000e-001
  0.000000e+000  8.703000e-001  7.370000e-001
  0.000000e+000  8.703000e-001  7.370000e-001
  0.000000e+000  8.703000e-001  7.370000e-001
  0.000000e+000  8.703000e-001  7.370000e-001
  0.000000e+000  8.703000e-001  7.370000e-001
  0.000000e+000  8.703000e-001  7.370000e-001
  0.000000e+000  8.703000e-001  7.370000e-001
  0.000000e+000  9.061000e-002  3.160000e-001
  0.000000e+000  8.703000e-001  7.370000e-001
  0.000000e+000  8.703000e-001  7.370000e-001
  0.000000e+000  8.703000e-001  7.370000e-001
  0.000000e+000  8.703000e-001  7.370000e-001
  2.094958e-012  8.703000e-001  7.370000e-001
  4.343286e-006  8.703000e-001  7.370000e-001
  2.380938e-004  8.703000e-001  7.370000e-001
  2.368213e-004  8.703000e-001  7.370000e-001
  5.675406e-004  8.703000e-001  7.370000e-001
  9.483567e-004  8.703000e-001  7.370000e-001
  1.074268e-003  8.703000e-001  7.370000e-001
  1.131197e-003  8.703000e-001  7.370000e-001
  1.291265e-003  8.703000e-001  7.370000e-001
  1.912117e-003  8.703000e-001  7.370000e-001
  1.143252e-002  8.703000e-001  7.370000e-001
 4.0000e+000
  0.000000e+000  8.851000e-001  7.603000e-001
  0.000000e+000  8.851000e-001  7.603000e-001
  0.000000e+000  8.851000e-001  7.603000e-001
  0.000000e+000  8.851000e-001  7.603000e-001
  0.000000e+000  8.851000e-001  7.603000e-001
  0.000000e+000  8.851000e-001  7.603000e-001
  0.000000e+000  8.851000e-001  7.603000e-001
  0.000000e+000  8.851000e-001  7.603000e-001
  0.000000e+000  8.851000e-001  7.603000e-001
  0.000000e+000  8.851000e-001  7.603000e-001
  0.000000e+000  8.851000e-001  7.603000e-001
  0.000000e+000  8.851000e-001  7.603000e-001
  0.000000e+000  8.851000e-001  7.603000e-001
  0.000000e+000  8.851000e-001  7.603000e-001
  0.000000e+000  8.851000e-001  7.603000e-001
  0.000000e+000  8.851000e-001  7.603000e-001
  0.000000e+000  8.851000e-001  7.603000e-001
  0.000000e+000  8.692000e-002  3.134000e-001
  0.000000e+000  8.851000e-001  7.603000e-001
  0.000000e+000  8.851000e-001  7.603000e-001
  0.000000e+000  8.851000e-001  7.603000e-001
  0.000000e+000  8.851000e-001  7.603000e-001
  1.934596e-012  8.851000e-001  7.603000e-001
  4.009866e-006  8.851000e-001  7.603000e-001
  2.198526e-004  8.851000e-001  7.603000e-001
  2.187138e-004  8.851000e-001  7.603000e-001
  5.240423e-004  8.851000e-001  7.603000e-001
  8.761952e-004  8.851000e-001  7.603000e-001
  9.920833e-004  8.851000e-001  7.603000e-001
  1.045003e-003  8.851000e-001  7.603000e-001
  1.192376e-003  8.851000e-001  7.603000e-001
  1.765788e-003  8.851000e-001  7.603000e-001
  1.055051e-002  8.851000e-001  7.603000e-001
