# cumulus (cont.,poll.
#
# size distribution: gamma    
# ------------------
#
#   minimum radius, [um]:      2.000E-02
#   maximum radius, [um]:      5.000E+01
#                      A:      8.120E-04
#                  ALPHA:      8.000E+00
#                      B:      2.470E-01
#                  Gamma:      2.150E+00
#
# optical parameters:
# -------------------
#
# wavelength ext.coef  sca.coef  abs.coef  si.sc.alb  asym.par  ext.nor    ref.real  ref.imag
#     [um]     [1/km]    [1/km]    [1/km]
#
#  2.500E-01 9.139E-02 9.139E-02 5.774E-07 1.000E+00 0.853E+00 9.754E-01  1.362E+00 -3.350E-08
#  3.000E-01 9.156E-02 9.156E-02 2.238E-07 1.000E+00 0.863E+00 9.773E-01  1.349E+00 -1.600E-08
#  3.500E-01 9.253E-02 9.253E-02 1.103E-07 1.000E+00 0.864E+00 9.876E-01  1.343E+00 -6.500E-09
#  4.000E-01 9.278E-02 9.278E-02 1.659E-08 1.000E+00 0.862E+00 9.903E-01  1.339E+00 -1.860E-09
#  4.500E-01 9.313E-02 9.313E-02 2.220E-08 1.000E+00 0.860E+00 9.941E-01  1.337E+00 -1.020E-09
#  5.000E-01 9.368E-02 9.368E-02 1.675E-08 1.000E+00 0.852E+00 9.999E-01  1.335E+00 -1.000E-09
#  5.500E-01 9.369E-02 9.369E-02 1.675E-08 1.000E+00 0.850E+00 1.000E+00  1.333E+00 -1.960E-09
#  6.000E-01 9.482E-02 9.482E-02 7.347E-08 1.000E+00 0.843E+00 1.012E+00  1.332E+00 -1.090E-08
#  6.500E-01 9.520E-02 9.520E-02 1.248E-07 1.000E+00 0.835E+00 1.016E+00  1.331E+00 -1.640E-08
#  7.000E-01 9.561E-02 9.561E-02 2.849E-07 1.000E+00 0.831E+00 1.020E+00  1.331E+00 -3.350E-08
#  7.500E-01 9.617E-02 9.616E-02 1.112E-06 1.000E+00 0.833E+00 1.026E+00  1.330E+00 -1.560E-07
#  8.000E-01 9.612E-02 9.612E-02 7.906E-07 1.000E+00 0.837E+00 1.026E+00  1.329E+00 -1.250E-07
#  9.000E-01 9.664E-02 9.664E-02 2.575E-06 1.000E+00 0.833E+00 1.031E+00  1.328E+00 -4.860E-07
#  1.000E+00 9.825E-02 9.823E-02 1.539E-05 9.998E-01 0.825E+00 1.049E+00  1.327E+00 -2.890E-06
#  1.250E+00 9.994E-02 9.991E-02 3.465E-05 9.997E-01 0.811E+00 1.067E+00  1.323E+00 -8.700E-06
#  1.500E+00 1.028E-01 1.021E-01 6.586E-04 9.936E-01 0.791E+00 1.097E+00  1.321E+00 -2.000E-04
#  1.750E+00 9.972E-02 9.945E-02 2.778E-04 9.972E-01 0.765E+00 1.064E+00  1.313E+00 -1.000E-04
#  2.000E+00 9.833E-02 9.576E-02 2.570E-03 9.739E-01 0.759E+00 1.050E+00  1.306E+00 -1.100E-03
#  2.500E+00 1.332E-01 1.302E-01 3.002E-03 9.775E-01 0.858E+00 1.422E+00  1.261E+00 -1.740E-03
#  3.000E+00 1.045E-01 5.012E-02 5.439E-02 4.796E-01 0.919E+00 1.115E+00  1.371E+00 -2.720E-01
#  3.200E+00 1.090E-01 5.629E-02 5.272E-02 5.164E-01 0.859E+00 1.164E+00  1.478E+00 -9.240E-02
#  3.390E+00 1.179E-01 9.120E-02 2.666E-02 7.738E-01 0.760E+00 1.258E+00  1.423E+00 -2.314E-02
#  3.500E+00 1.281E-01 1.156E-01 1.246E-02 9.027E-01 0.756E+00 1.367E+00  1.400E+00 -9.400E-03
#  3.750E+00 1.463E-01 1.417E-01 4.531E-03 9.690E-01 0.795E+00 1.561E+00  1.369E+00 -3.500E-03
#  4.000E+00 1.535E-01 1.482E-01 5.371E-03 9.650E-01 0.824E+00 1.639E+00  1.351E+00 -4.600E-03
#  4.500E+00 1.483E-01 1.359E-01 1.238E-02 9.165E-01 0.852E+00 1.583E+00  1.332E+00 -1.340E-02
#  5.000E+00 1.398E-01 1.294E-01 1.036E-02 9.259E-01 0.853E+00 1.492E+00  1.325E+00 -1.240E-02
#  5.500E+00 1.185E-01 1.099E-01 8.581E-03 9.276E-01 0.857E+00 1.264E+00  1.298E+00 -1.160E-02
#  6.000E+00 9.164E-02 5.154E-02 4.010E-02 5.625E-01 0.876E+00 9.781E-01  1.265E+00 -1.070E-01
#  6.200E+00 1.177E-01 7.884E-02 3.890E-02 6.696E-01 0.851E+00 1.257E+00  1.363E+00 -8.800E-02
#  6.500E+00 1.117E-01 9.013E-02 2.161E-02 8.066E-01 0.837E+00 1.193E+00  1.339E+00 -3.920E-02
#  7.200E+00 8.971E-02 7.340E-02 1.632E-02 8.181E-01 0.826E+00 9.575E-01  1.312E+00 -3.210E-02
#  7.900E+00 7.258E-02 5.726E-02 1.533E-02 7.888E-01 0.812E+00 7.747E-01  1.294E+00 -3.390E-02
#  8.200E+00 6.609E-02 5.099E-02 1.510E-02 7.716E-01 0.805E+00 7.054E-01  1.286E+00 -3.510E-02
#  8.500E+00 6.022E-02 4.521E-02 1.501E-02 7.508E-01 0.798E+00 6.428E-01  1.278E+00 -3.670E-02
#  8.700E+00 5.645E-02 4.147E-02 1.498E-02 7.346E-01 0.794E+00 6.025E-01  1.272E+00 -3.790E-02
#  9.000E+00 5.104E-02 3.606E-02 1.498E-02 7.064E-01 0.787E+00 5.448E-01  1.262E+00 -3.990E-02
#  9.200E+00 4.774E-02 3.268E-02 1.506E-02 6.846E-01 0.782E+00 5.095E-01  1.255E+00 -4.150E-02
#  9.500E+00 4.303E-02 2.776E-02 1.526E-02 6.452E-01 0.774E+00 4.592E-01  1.243E+00 -4.440E-02
#  9.800E+00 3.864E-02 2.307E-02 1.557E-02 5.970E-01 0.767E+00 4.125E-01  1.229E+00 -4.790E-02
#  1.000E+01 3.589E-02 2.002E-02 1.588E-02 5.576E-01 0.762E+00 3.831E-01  1.218E+00 -5.080E-02
#  1.060E+01 3.038E-02 1.206E-02 1.832E-02 3.970E-01 0.746E+00 3.243E-01  1.179E+00 -6.740E-02
#  1.100E+01 3.205E-02 8.972E-03 2.308E-02 2.799E-01 0.734E+00 3.421E-01  1.153E+00 -9.680E-02
#  1.150E+01 3.674E-02 7.797E-03 2.895E-02 2.122E-01 0.715E+00 3.922E-01  1.126E+00 -1.420E-01
#  1.250E+01 5.190E-02 1.140E-02 4.049E-02 2.197E-01 0.672E+00 5.539E-01  1.123E+00 -2.590E-01
#  1.300E+01 5.775E-02 1.357E-02 4.418E-02 2.349E-01 0.652E+00 6.163E-01  1.146E+00 -3.050E-01
#  1.400E+01 6.599E-02 1.708E-02 4.892E-02 2.588E-01 0.614E+00 7.044E-01  1.210E+00 -3.700E-01
#  1.480E+01 6.913E-02 1.861E-02 5.052E-02 2.692E-01 0.586E+00 7.378E-01  1.258E+00 -3.960E-01
#  1.500E+01 6.983E-02 1.897E-02 5.087E-02 2.716E-01 0.579E+00 7.453E-01  1.270E+00 -4.020E-01
#  1.640E+01 7.245E-02 2.054E-02 5.190E-02 2.836E-01 0.530E+00 7.732E-01  1.346E+00 -4.270E-01
#  1.720E+01 7.250E-02 2.094E-02 5.156E-02 2.888E-01 0.503E+00 7.738E-01  1.386E+00 -4.290E-01
#  1.800E+01 7.187E-02 2.109E-02 5.078E-02 2.935E-01 0.478E+00 7.671E-01  1.423E+00 -4.260E-01
#  1.850E+01 7.098E-02 2.098E-02 5.000E-02 2.956E-01 0.463E+00 7.576E-01  1.443E+00 -4.210E-01
#  2.000E+01 6.562E-02 1.937E-02 4.625E-02 2.952E-01 0.419E+00 7.004E-01  1.480E+00 -3.930E-01
#  2.130E+01 6.065E-02 1.732E-02 4.333E-02 2.856E-01 0.381E+00 6.473E-01  1.491E+00 -3.790E-01
#  2.250E+01 5.678E-02 1.584E-02 4.094E-02 2.789E-01 0.348E+00 6.060E-01  1.506E+00 -3.700E-01
#  2.500E+01 4.930E-02 1.292E-02 3.638E-02 2.620E-01 0.290E+00 5.262E-01  1.531E+00 -3.560E-01
#  2.790E+01 4.121E-02 9.853E-03 3.136E-02 2.391E-01 0.235E+00 4.399E-01  1.549E+00 -3.390E-01
#  3.000E+01 3.607E-02 7.876E-03 2.819E-02 2.184E-01 0.202E+00 3.850E-01  1.551E+00 -3.280E-01
#  3.500E+01 2.889E-02 4.591E-03 2.430E-02 1.589E-01 0.145E+00 3.083E-01  1.532E+00 -3.360E-01
#  4.000E+01 2.678E-02 3.014E-03 2.376E-02 1.126E-01 0.108E+00 2.858E-01  1.519E+00 -3.850E-01
#
# volume phase function [1/km]:
# -----------------------------
#
# sca.ang. | wavelengths --->
# ---------|------------------
#          | 2.500E-01 3.000E-01 3.500E-01 4.000E-01 4.500E-01 5.000E-01 5.500E-01 6.000E-01 6.500E-01 7.000E-01 7.500E-01 8.000E-01 9.000E-01 1.000E+00 1.250E+00 1.500E+00 1.750E+00 2.000E+00 2.500E+00 3.000E+00 3.200E+00 3.390E+00 3.500E+00 3.750E+00 4.000E+00 4.500E+00 5.000E+00 5.500E+00 6.000E+00 6.200E+00 6.500E+00 7.200E+00 7.900E+00 8.200E+00 8.500E+00 8.700E+00 9.000E+00 9.200E+00 9.500E+00 9.800E+00 1.000E+01 1.060E+01 1.100E+01 1.150E+01 1.250E+01 1.300E+01 1.400E+01 1.480E+01 1.500E+01 1.640E+01 1.720E+01 1.800E+01 1.850E+01 2.000E+01 2.130E+01 2.250E+01 2.500E+01 2.790E+01 3.000E+01 3.500E+01 4.000E+01
#
  0.000E+00  4.016E+01 2.803E+01 2.095E+01 1.622E+01 1.286E+01 1.057E+01 8.755E+00 7.527E+00 6.479E+00 5.642E+00 4.981E+00 4.370E+00 3.489E+00 2.938E+00 1.946E+00 1.474E+00 1.074E+00 7.579E-01 8.146E-01 3.599E-01 3.369E-01 3.394E-01 3.789E-01 4.454E-01 4.513E-01 3.704E-01 3.010E-01 2.218E-01 9.694E-02 1.367E-01 1.391E-01 9.507E-02 6.346E-02 5.310E-02 4.434E-02 3.913E-02 3.217E-02 2.812E-02 2.267E-02 1.791E-02 1.504E-02 8.278E-03 5.843E-03 4.766E-03 6.220E-03 7.011E-03 7.947E-03 7.980E-03 7.976E-03 7.579E-03 7.212E-03 6.815E-03 6.529E-03 5.440E-03 4.493E-03 3.849E-03 2.799E-03 1.921E-03 1.443E-03 7.520E-04 4.584E-04
  1.000E-01  3.977E+01 2.784E+01 2.085E+01 1.616E+01 1.283E+01 1.055E+01 8.737E+00 7.514E+00 6.469E+00 5.635E+00 4.975E+00 4.366E+00 3.486E+00 2.937E+00 1.945E+00 1.473E+00 1.074E+00 7.578E-01 8.145E-01 3.599E-01 3.368E-01 3.394E-01 3.789E-01 4.453E-01 4.513E-01 3.704E-01 3.010E-01 2.218E-01 9.694E-02 1.367E-01 1.391E-01 9.507E-02 6.346E-02 5.310E-02 4.434E-02 3.913E-02 3.216E-02 2.812E-02 2.267E-02 1.791E-02 1.504E-02 8.278E-03 5.843E-03 4.766E-03 6.220E-03 7.011E-03 7.947E-03 7.980E-03 7.976E-03 7.579E-03 7.212E-03 6.815E-03 6.529E-03 5.440E-03 4.493E-03 3.849E-03 2.799E-03 1.921E-03 1.443E-03 7.520E-04 4.584E-04
  2.000E-01  3.862E+01 2.728E+01 2.054E+01 1.598E+01 1.271E+01 1.047E+01 8.683E+00 7.475E+00 6.440E+00 5.613E+00 4.959E+00 4.353E+00 3.478E+00 2.931E+00 1.943E+00 1.472E+00 1.073E+00 7.574E-01 8.143E-01 3.598E-01 3.368E-01 3.393E-01 3.788E-01 4.453E-01 4.512E-01 3.704E-01 3.010E-01 2.218E-01 9.693E-02 1.367E-01 1.391E-01 9.506E-02 6.346E-02 5.310E-02 4.434E-02 3.912E-02 3.216E-02 2.812E-02 2.267E-02 1.791E-02 1.504E-02 8.278E-03 5.843E-03 4.765E-03 6.220E-03 7.011E-03 7.947E-03 7.980E-03 7.976E-03 7.579E-03 7.212E-03 6.815E-03 6.529E-03 5.440E-03 4.493E-03 3.849E-03 2.799E-03 1.921E-03 1.443E-03 7.520E-04 4.584E-04
  3.000E-01  3.678E+01 2.636E+01 2.003E+01 1.567E+01 1.252E+01 1.034E+01 8.595E+00 7.410E+00 6.392E+00 5.577E+00 4.931E+00 4.332E+00 3.465E+00 2.922E+00 1.939E+00 1.470E+00 1.072E+00 7.567E-01 8.139E-01 3.597E-01 3.366E-01 3.392E-01 3.787E-01 4.452E-01 4.511E-01 3.703E-01 3.009E-01 2.217E-01 9.692E-02 1.366E-01 1.391E-01 9.506E-02 6.346E-02 5.309E-02 4.434E-02 3.912E-02 3.216E-02 2.812E-02 2.267E-02 1.791E-02 1.504E-02 8.278E-03 5.842E-03 4.765E-03 6.220E-03 7.010E-03 7.946E-03 7.980E-03 7.976E-03 7.578E-03 7.212E-03 6.815E-03 6.529E-03 5.440E-03 4.492E-03 3.849E-03 2.799E-03 1.921E-03 1.443E-03 7.519E-04 4.584E-04
  4.000E-01  3.434E+01 2.513E+01 1.934E+01 1.525E+01 1.225E+01 1.016E+01 8.472E+00 7.321E+00 6.326E+00 5.527E+00 4.892E+00 4.302E+00 3.446E+00 2.908E+00 1.933E+00 1.467E+00 1.071E+00 7.558E-01 8.133E-01 3.595E-01 3.365E-01 3.391E-01 3.785E-01 4.450E-01 4.510E-01 3.702E-01 3.009E-01 2.217E-01 9.691E-02 1.366E-01 1.391E-01 9.505E-02 6.345E-02 5.309E-02 4.433E-02 3.912E-02 3.216E-02 2.812E-02 2.266E-02 1.791E-02 1.504E-02 8.277E-03 5.842E-03 4.765E-03 6.220E-03 7.010E-03 7.946E-03 7.980E-03 7.975E-03 7.578E-03 7.212E-03 6.815E-03 6.529E-03 5.440E-03 4.492E-03 3.848E-03 2.799E-03 1.921E-03 1.443E-03 7.519E-04 4.584E-04
  5.000E-01  3.143E+01 2.363E+01 1.848E+01 1.473E+01 1.192E+01 9.935E+00 8.317E+00 7.207E+00 6.242E+00 5.463E+00 4.843E+00 4.264E+00 3.422E+00 2.892E+00 1.926E+00 1.463E+00 1.068E+00 7.546E-01 8.125E-01 3.592E-01 3.363E-01 3.389E-01 3.783E-01 4.448E-01 4.508E-01 3.701E-01 3.008E-01 2.217E-01 9.689E-02 1.366E-01 1.391E-01 9.504E-02 6.344E-02 5.308E-02 4.433E-02 3.912E-02 3.216E-02 2.811E-02 2.266E-02 1.791E-02 1.504E-02 8.277E-03 5.842E-03 4.765E-03 6.220E-03 7.010E-03 7.946E-03 7.979E-03 7.975E-03 7.578E-03 7.211E-03 6.815E-03 6.529E-03 5.440E-03 4.492E-03 3.848E-03 2.799E-03 1.921E-03 1.443E-03 7.519E-04 4.584E-04
  6.000E-01  2.819E+01 2.191E+01 1.749E+01 1.411E+01 1.153E+01 9.667E+00 8.130E+00 7.071E+00 6.141E+00 5.386E+00 4.783E+00 4.218E+00 3.393E+00 2.871E+00 1.917E+00 1.459E+00 1.066E+00 7.531E-01 8.116E-01 3.589E-01 3.360E-01 3.386E-01 3.781E-01 4.446E-01 4.506E-01 3.700E-01 3.007E-01 2.216E-01 9.687E-02 1.366E-01 1.390E-01 9.502E-02 6.344E-02 5.308E-02 4.433E-02 3.911E-02 3.215E-02 2.811E-02 2.266E-02 1.791E-02 1.504E-02 8.276E-03 5.841E-03 4.765E-03 6.219E-03 7.009E-03 7.945E-03 7.979E-03 7.975E-03 7.578E-03 7.211E-03 6.814E-03 6.528E-03 5.440E-03 4.492E-03 3.848E-03 2.799E-03 1.921E-03 1.443E-03 7.519E-04 4.584E-04
  7.000E-01  2.477E+01 2.004E+01 1.638E+01 1.341E+01 1.108E+01 9.359E+00 7.915E+00 6.913E+00 6.023E+00 5.297E+00 4.714E+00 4.164E+00 3.359E+00 2.848E+00 1.907E+00 1.453E+00 1.063E+00 7.514E-01 8.105E-01 3.586E-01 3.357E-01 3.384E-01 3.778E-01 4.443E-01 4.504E-01 3.698E-01 3.006E-01 2.216E-01 9.685E-02 1.365E-01 1.390E-01 9.501E-02 6.343E-02 5.307E-02 4.432E-02 3.911E-02 3.215E-02 2.811E-02 2.266E-02 1.790E-02 1.504E-02 8.276E-03 5.841E-03 4.764E-03 6.219E-03 7.009E-03 7.945E-03 7.979E-03 7.974E-03 7.577E-03 7.211E-03 6.814E-03 6.528E-03 5.439E-03 4.492E-03 3.848E-03 2.799E-03 1.921E-03 1.443E-03 7.519E-04 4.583E-04
  8.000E-01  2.131E+01 1.806E+01 1.518E+01 1.265E+01 1.058E+01 9.015E+00 7.674E+00 6.734E+00 5.890E+00 5.195E+00 4.635E+00 4.103E+00 3.320E+00 2.820E+00 1.895E+00 1.447E+00 1.059E+00 7.494E-01 8.093E-01 3.581E-01 3.353E-01 3.380E-01 3.775E-01 4.440E-01 4.501E-01 3.697E-01 3.005E-01 2.215E-01 9.682E-02 1.365E-01 1.390E-01 9.499E-02 6.342E-02 5.306E-02 4.431E-02 3.910E-02 3.215E-02 2.810E-02 2.266E-02 1.790E-02 1.504E-02 8.275E-03 5.840E-03 4.764E-03 6.218E-03 7.008E-03 7.944E-03 7.978E-03 7.974E-03 7.577E-03 7.210E-03 6.814E-03 6.528E-03 5.439E-03 4.492E-03 3.848E-03 2.799E-03 1.921E-03 1.443E-03 7.519E-04 4.583E-04
  9.000E-01  1.796E+01 1.605E+01 1.392E+01 1.184E+01 1.004E+01 8.640E+00 7.409E+00 6.537E+00 5.742E+00 5.082E+00 4.547E+00 4.035E+00 3.277E+00 2.790E+00 1.882E+00 1.440E+00 1.056E+00 7.472E-01 8.078E-01 3.577E-01 3.349E-01 3.377E-01 3.771E-01 4.436E-01 4.498E-01 3.695E-01 3.003E-01 2.214E-01 9.679E-02 1.365E-01 1.389E-01 9.497E-02 6.340E-02 5.305E-02 4.431E-02 3.910E-02 3.214E-02 2.810E-02 2.265E-02 1.790E-02 1.503E-02 8.274E-03 5.840E-03 4.763E-03 6.218E-03 7.008E-03 7.944E-03 7.977E-03 7.973E-03 7.576E-03 7.210E-03 6.813E-03 6.528E-03 5.439E-03 4.492E-03 3.848E-03 2.798E-03 1.921E-03 1.443E-03 7.518E-04 4.583E-04
  1.000E+00  1.481E+01 1.405E+01 1.264E+01 1.098E+01 9.470E+00 8.238E+00 7.124E+00 6.324E+00 5.581E+00 4.959E+00 4.451E+00 3.960E+00 3.229E+00 2.756E+00 1.867E+00 1.432E+00 1.051E+00 7.447E-01 8.063E-01 3.571E-01 3.344E-01 3.373E-01 3.767E-01 4.432E-01 4.494E-01 3.692E-01 3.002E-01 2.213E-01 9.676E-02 1.364E-01 1.389E-01 9.494E-02 6.339E-02 5.304E-02 4.430E-02 3.909E-02 3.214E-02 2.810E-02 2.265E-02 1.790E-02 1.503E-02 8.273E-03 5.839E-03 4.763E-03 6.217E-03 7.007E-03 7.943E-03 7.977E-03 7.972E-03 7.576E-03 7.209E-03 6.813E-03 6.527E-03 5.438E-03 4.491E-03 3.848E-03 2.798E-03 1.921E-03 1.443E-03 7.518E-04 4.583E-04
  1.100E+00  1.195E+01 1.213E+01 1.135E+01 1.011E+01 8.876E+00 7.815E+00 6.820E+00 6.096E+00 5.409E+00 4.826E+00 4.347E+00 3.879E+00 3.177E+00 2.719E+00 1.851E+00 1.424E+00 1.046E+00 7.419E-01 8.045E-01 3.566E-01 3.339E-01 3.368E-01 3.763E-01 4.428E-01 4.490E-01 3.690E-01 3.000E-01 2.212E-01 9.672E-02 1.364E-01 1.389E-01 9.492E-02 6.338E-02 5.303E-02 4.429E-02 3.908E-02 3.213E-02 2.809E-02 2.265E-02 1.789E-02 1.503E-02 8.272E-03 5.838E-03 4.762E-03 6.216E-03 7.006E-03 7.942E-03 7.976E-03 7.972E-03 7.575E-03 7.209E-03 6.812E-03 6.527E-03 5.438E-03 4.491E-03 3.847E-03 2.798E-03 1.921E-03 1.443E-03 7.518E-04 4.583E-04
  1.200E+00  9.435E+00 1.031E+01 1.008E+01 9.233E+00 8.266E+00 7.375E+00 6.502E+00 5.855E+00 5.225E+00 4.684E+00 4.235E+00 3.791E+00 3.121E+00 2.679E+00 1.834E+00 1.415E+00 1.041E+00 7.390E-01 8.026E-01 3.559E-01 3.334E-01 3.363E-01 3.758E-01 4.423E-01 4.486E-01 3.687E-01 2.999E-01 2.211E-01 9.668E-02 1.363E-01 1.388E-01 9.489E-02 6.336E-02 5.302E-02 4.428E-02 3.907E-02 3.212E-02 2.809E-02 2.264E-02 1.789E-02 1.503E-02 8.270E-03 5.837E-03 4.762E-03 6.215E-03 7.005E-03 7.941E-03 7.975E-03 7.971E-03 7.575E-03 7.208E-03 6.812E-03 6.526E-03 5.438E-03 4.491E-03 3.847E-03 2.798E-03 1.921E-03 1.443E-03 7.518E-04 4.583E-04
  1.300E+00  7.293E+00 8.637E+00 8.854E+00 8.361E+00 7.648E+00 6.924E+00 6.173E+00 5.604E+00 5.033E+00 4.535E+00 4.117E+00 3.699E+00 3.061E+00 2.637E+00 1.815E+00 1.405E+00 1.036E+00 7.357E-01 8.006E-01 3.552E-01 3.328E-01 3.358E-01 3.752E-01 4.418E-01 4.481E-01 3.684E-01 2.997E-01 2.210E-01 9.663E-02 1.362E-01 1.388E-01 9.486E-02 6.334E-02 5.301E-02 4.427E-02 3.906E-02 3.212E-02 2.808E-02 2.264E-02 1.789E-02 1.503E-02 8.269E-03 5.837E-03 4.761E-03 6.215E-03 7.005E-03 7.940E-03 7.974E-03 7.970E-03 7.574E-03 7.208E-03 6.811E-03 6.526E-03 5.437E-03 4.491E-03 3.847E-03 2.798E-03 1.921E-03 1.443E-03 7.517E-04 4.582E-04
  1.400E+00  5.524E+00 7.126E+00 7.694E+00 7.508E+00 7.031E+00 6.467E+00 5.835E+00 5.344E+00 4.833E+00 4.378E+00 3.993E+00 3.601E+00 2.997E+00 2.591E+00 1.795E+00 1.394E+00 1.030E+00 7.322E-01 7.983E-01 3.545E-01 3.321E-01 3.352E-01 3.747E-01 4.412E-01 4.476E-01 3.681E-01 2.994E-01 2.208E-01 9.658E-02 1.362E-01 1.387E-01 9.482E-02 6.332E-02 5.299E-02 4.426E-02 3.905E-02 3.211E-02 2.807E-02 2.263E-02 1.788E-02 1.502E-02 8.268E-03 5.836E-03 4.760E-03 6.214E-03 7.004E-03 7.939E-03 7.973E-03 7.969E-03 7.573E-03 7.207E-03 6.811E-03 6.525E-03 5.437E-03 4.490E-03 3.847E-03 2.798E-03 1.920E-03 1.442E-03 7.517E-04 4.582E-04
  1.500E+00  4.111E+00 5.795E+00 6.611E+00 6.686E+00 6.421E+00 6.008E+00 5.492E+00 5.078E+00 4.626E+00 4.216E+00 3.864E+00 3.499E+00 2.930E+00 2.543E+00 1.774E+00 1.382E+00 1.023E+00 7.285E-01 7.960E-01 3.537E-01 3.314E-01 3.346E-01 3.740E-01 4.406E-01 4.471E-01 3.677E-01 2.992E-01 2.207E-01 9.653E-02 1.361E-01 1.386E-01 9.479E-02 6.330E-02 5.297E-02 4.425E-02 3.904E-02 3.210E-02 2.807E-02 2.263E-02 1.788E-02 1.502E-02 8.266E-03 5.835E-03 4.759E-03 6.213E-03 7.002E-03 7.938E-03 7.972E-03 7.968E-03 7.572E-03 7.206E-03 6.810E-03 6.524E-03 5.437E-03 4.490E-03 3.846E-03 2.797E-03 1.920E-03 1.442E-03 7.516E-04 4.582E-04
  1.600E+00  3.020E+00 4.646E+00 5.618E+00 5.904E+00 5.826E+00 5.552E+00 5.146E+00 4.808E+00 4.415E+00 4.049E+00 3.731E+00 3.393E+00 2.860E+00 2.493E+00 1.751E+00 1.370E+00 1.016E+00 7.245E-01 7.934E-01 3.529E-01 3.307E-01 3.339E-01 3.734E-01 4.400E-01 4.465E-01 3.674E-01 2.990E-01 2.206E-01 9.647E-02 1.360E-01 1.386E-01 9.475E-02 6.328E-02 5.296E-02 4.423E-02 3.903E-02 3.209E-02 2.806E-02 2.262E-02 1.788E-02 1.502E-02 8.264E-03 5.833E-03 4.758E-03 6.212E-03 7.001E-03 7.937E-03 7.971E-03 7.967E-03 7.571E-03 7.205E-03 6.809E-03 6.524E-03 5.436E-03 4.489E-03 3.846E-03 2.797E-03 1.920E-03 1.442E-03 7.516E-04 4.582E-04
  1.700E+00  2.206E+00 3.676E+00 4.722E+00 5.169E+00 5.252E+00 5.104E+00 4.802E+00 4.535E+00 4.200E+00 3.878E+00 3.593E+00 3.283E+00 2.788E+00 2.441E+00 1.727E+00 1.358E+00 1.009E+00 7.203E-01 7.907E-01 3.520E-01 3.299E-01 3.332E-01 3.727E-01 4.393E-01 4.459E-01 3.670E-01 2.987E-01 2.204E-01 9.641E-02 1.359E-01 1.385E-01 9.471E-02 6.326E-02 5.294E-02 4.422E-02 3.902E-02 3.208E-02 2.805E-02 2.262E-02 1.787E-02 1.501E-02 8.263E-03 5.832E-03 4.757E-03 6.211E-03 7.000E-03 7.936E-03 7.970E-03 7.966E-03 7.570E-03 7.205E-03 6.808E-03 6.523E-03 5.435E-03 4.489E-03 3.846E-03 2.797E-03 1.920E-03 1.442E-03 7.515E-04 4.581E-04
  1.800E+00  1.622E+00 2.876E+00 3.926E+00 4.487E+00 4.702E+00 4.666E+00 4.461E+00 4.263E+00 3.983E+00 3.705E+00 3.453E+00 3.171E+00 2.713E+00 2.386E+00 1.703E+00 1.344E+00 1.001E+00 7.159E-01 7.879E-01 3.510E-01 3.291E-01 3.325E-01 3.719E-01 4.385E-01 4.453E-01 3.666E-01 2.984E-01 2.202E-01 9.635E-02 1.359E-01 1.384E-01 9.466E-02 6.323E-02 5.292E-02 4.420E-02 3.901E-02 3.207E-02 2.804E-02 2.261E-02 1.787E-02 1.501E-02 8.261E-03 5.831E-03 4.756E-03 6.209E-03 6.999E-03 7.934E-03 7.969E-03 7.965E-03 7.569E-03 7.204E-03 6.808E-03 6.522E-03 5.435E-03 4.489E-03 3.845E-03 2.797E-03 1.920E-03 1.442E-03 7.515E-04 4.581E-04
  1.900E+00  1.219E+00 2.231E+00 3.231E+00 3.864E+00 4.183E+00 4.243E+00 4.126E+00 3.992E+00 3.766E+00 3.530E+00 3.310E+00 3.056E+00 2.636E+00 2.330E+00 1.677E+00 1.330E+00 9.933E-01 7.113E-01 7.849E-01 3.500E-01 3.282E-01 3.317E-01 3.711E-01 4.378E-01 4.446E-01 3.661E-01 2.981E-01 2.201E-01 9.628E-02 1.358E-01 1.383E-01 9.462E-02 6.321E-02 5.290E-02 4.419E-02 3.900E-02 3.206E-02 2.803E-02 2.260E-02 1.786E-02 1.500E-02 8.259E-03 5.830E-03 4.755E-03 6.208E-03 6.998E-03 7.933E-03 7.968E-03 7.963E-03 7.568E-03 7.203E-03 6.807E-03 6.522E-03 5.434E-03 4.488E-03 3.845E-03 2.797E-03 1.920E-03 1.442E-03 7.514E-04 4.581E-04
  2.000E+00  9.538E-01 1.724E+00 2.633E+00 3.299E+00 3.696E+00 3.838E+00 3.800E+00 3.724E+00 3.549E+00 3.354E+00 3.166E+00 2.940E+00 2.557E+00 2.272E+00 1.650E+00 1.315E+00 9.850E-01 7.064E-01 7.818E-01 3.490E-01 3.273E-01 3.309E-01 3.703E-01 4.370E-01 4.439E-01 3.657E-01 2.978E-01 2.199E-01 9.621E-02 1.357E-01 1.382E-01 9.457E-02 6.318E-02 5.288E-02 4.417E-02 3.898E-02 3.205E-02 2.803E-02 2.260E-02 1.786E-02 1.500E-02 8.257E-03 5.828E-03 4.754E-03 6.207E-03 6.996E-03 7.932E-03 7.966E-03 7.962E-03 7.567E-03 7.202E-03 6.806E-03 6.521E-03 5.434E-03 4.488E-03 3.845E-03 2.796E-03 1.920E-03 1.442E-03 7.514E-04 4.581E-04
  3.000E+00  4.079E-01 3.973E-01 3.968E-01 5.410E-01 7.921E-01 1.063E+00 1.315E+00 1.518E+00 1.648E+00 1.731E+00 1.780E+00 1.780E+00 1.727E+00 1.644E+00 1.342E+00 1.141E+00 8.835E-01 6.468E-01 7.426E-01 3.357E-01 3.157E-01 3.205E-01 3.599E-01 4.267E-01 4.349E-01 3.598E-01 2.940E-01 2.175E-01 9.531E-02 1.345E-01 1.371E-01 9.395E-02 6.283E-02 5.261E-02 4.396E-02 3.880E-02 3.191E-02 2.791E-02 2.251E-02 1.779E-02 1.495E-02 8.229E-03 5.810E-03 4.740E-03 6.190E-03 6.978E-03 7.913E-03 7.949E-03 7.945E-03 7.553E-03 7.189E-03 6.795E-03 6.510E-03 5.426E-03 4.482E-03 3.840E-03 2.793E-03 1.917E-03 1.440E-03 7.507E-04 4.576E-04
  4.000E+00  1.899E-01 2.311E-01 2.596E-01 2.529E-01 2.465E-01 2.773E-01 3.588E-01 4.613E-01 5.783E-01 6.927E-01 7.941E-01 8.807E-01 9.942E-01 1.042E+00 1.005E+00 9.354E-01 7.586E-01 5.716E-01 6.912E-01 3.180E-01 3.001E-01 3.066E-01 3.457E-01 4.128E-01 4.226E-01 3.517E-01 2.886E-01 2.142E-01 9.405E-02 1.328E-01 1.356E-01 9.309E-02 6.235E-02 5.223E-02 4.366E-02 3.855E-02 3.172E-02 2.775E-02 2.238E-02 1.770E-02 1.487E-02 8.191E-03 5.784E-03 4.720E-03 6.166E-03 6.952E-03 7.886E-03 7.924E-03 7.921E-03 7.532E-03 7.171E-03 6.779E-03 6.496E-03 5.415E-03 4.473E-03 3.833E-03 2.789E-03 1.915E-03 1.438E-03 7.497E-04 4.571E-04
  5.000E+00  1.211E-01 1.363E-01 1.571E-01 1.770E-01 1.865E-01 1.835E-01 1.793E-01 1.805E-01 2.110E-01 2.553E-01 3.086E-01 3.753E-01 4.956E-01 5.842E-01 6.946E-01 7.251E-01 6.235E-01 4.874E-01 6.305E-01 2.965E-01 2.811E-01 2.895E-01 3.284E-01 3.955E-01 4.072E-01 3.416E-01 2.819E-01 2.101E-01 9.247E-02 1.306E-01 1.336E-01 9.199E-02 6.173E-02 5.175E-02 4.328E-02 3.823E-02 3.147E-02 2.754E-02 2.222E-02 1.758E-02 1.477E-02 8.143E-03 5.752E-03 4.695E-03 6.136E-03 6.920E-03 7.853E-03 7.893E-03 7.890E-03 7.507E-03 7.148E-03 6.758E-03 6.477E-03 5.401E-03 4.462E-03 3.824E-03 2.783E-03 1.911E-03 1.436E-03 7.484E-04 4.563E-04
  6.000E+00  9.075E-02 1.001E-01 1.115E-01 1.212E-01 1.310E-01 1.423E-01 1.468E-01 1.400E-01 1.385E-01 1.399E-01 1.493E-01 1.720E-01 2.320E-01 3.005E-01 4.467E-01 5.330E-01 4.907E-01 4.011E-01 5.639E-01 2.721E-01 2.594E-01 2.700E-01 3.084E-01 3.755E-01 3.893E-01 3.297E-01 2.739E-01 2.052E-01 9.057E-02 1.280E-01 1.313E-01 9.067E-02 6.099E-02 5.116E-02 4.283E-02 3.784E-02 3.117E-02 2.729E-02 2.203E-02 1.743E-02 1.466E-02 8.084E-03 5.712E-03 4.665E-03 6.099E-03 6.880E-03 7.812E-03 7.855E-03 7.853E-03 7.475E-03 7.120E-03 6.733E-03 6.454E-03 5.383E-03 4.449E-03 3.813E-03 2.776E-03 1.906E-03 1.432E-03 7.468E-04 4.554E-04
  8.000E+00  6.391E-02 6.932E-02 7.060E-02 7.507E-02 8.178E-02 8.452E-02 8.833E-02 9.677E-02 9.941E-02 1.017E-01 1.034E-01 1.021E-01 9.665E-02 1.042E-01 1.686E-01 2.533E-01 2.687E-01 2.452E-01 4.260E-01 2.184E-01 2.112E-01 2.260E-01 2.631E-01 3.291E-01 3.472E-01 3.011E-01 2.545E-01 1.931E-01 8.590E-02 1.217E-01 1.255E-01 8.739E-02 5.913E-02 4.971E-02 4.169E-02 3.688E-02 3.042E-02 2.665E-02 2.155E-02 1.707E-02 1.436E-02 7.937E-03 5.613E-03 4.588E-03 6.007E-03 6.781E-03 7.709E-03 7.758E-03 7.758E-03 7.395E-03 7.049E-03 6.670E-03 6.396E-03 5.340E-03 4.415E-03 3.786E-03 2.758E-03 1.895E-03 1.424E-03 7.428E-04 4.531E-04
  1.000E+01  5.095E-02 5.376E-02 5.732E-02 6.049E-02 6.144E-02 6.367E-02 6.605E-02 6.936E-02 6.910E-02 7.156E-02 7.575E-02 7.975E-02 8.043E-02 8.048E-02 8.838E-02 1.172E-01 1.306E-01 1.341E-01 3.008E-01 1.642E-01 1.617E-01 1.800E-01 2.150E-01 2.782E-01 2.999E-01 2.681E-01 2.316E-01 1.787E-01 8.024E-02 1.140E-01 1.184E-01 8.335E-02 5.683E-02 4.790E-02 4.027E-02 3.567E-02 2.949E-02 2.586E-02 2.095E-02 1.662E-02 1.399E-02 7.751E-03 5.488E-03 4.491E-03 5.891E-03 6.655E-03 7.578E-03 7.637E-03 7.638E-03 7.295E-03 6.959E-03 6.590E-03 6.322E-03 5.284E-03 4.373E-03 3.751E-03 2.735E-03 1.880E-03 1.414E-03 7.377E-04 4.501E-04
  1.200E+01  4.536E-02 4.696E-02 4.968E-02 5.096E-02 5.178E-02 5.347E-02 5.455E-02 5.553E-02 5.563E-02 5.667E-02 5.956E-02 6.174E-02 6.302E-02 6.626E-02 7.318E-02 6.963E-02 6.578E-02 7.218E-02 2.025E-01 1.155E-01 1.162E-01 1.367E-01 1.688E-01 2.272E-01 2.512E-01 2.327E-01 2.064E-01 1.625E-01 7.383E-02 1.052E-01 1.103E-01 7.867E-02 5.414E-02 4.578E-02 3.860E-02 3.425E-02 2.838E-02 2.493E-02 2.023E-02 1.608E-02 1.356E-02 7.530E-03 5.339E-03 4.375E-03 5.752E-03 6.505E-03 7.422E-03 7.490E-03 7.495E-03 7.173E-03 6.851E-03 6.494E-03 6.233E-03 5.217E-03 4.321E-03 3.710E-03 2.707E-03 1.863E-03 1.401E-03 7.316E-04 4.465E-04
  1.400E+01  3.919E-02 4.171E-02 4.256E-02 4.380E-02 4.600E-02 4.596E-02 4.707E-02 4.731E-02 4.902E-02 4.968E-02 5.060E-02 4.934E-02 5.210E-02 5.334E-02 6.345E-02 5.471E-02 4.338E-02 4.635E-02 1.347E-01 7.594E-02 7.833E-02 9.962E-02 1.280E-01 1.799E-01 2.043E-01 1.971E-01 1.802E-01 1.452E-01 6.691E-02 9.577E-02 1.015E-01 7.348E-02 5.113E-02 4.340E-02 3.671E-02 3.265E-02 2.713E-02 2.387E-02 1.942E-02 1.547E-02 1.306E-02 7.277E-03 5.168E-03 4.242E-03 5.592E-03 6.332E-03 7.242E-03 7.322E-03 7.329E-03 7.033E-03 6.725E-03 6.382E-03 6.130E-03 5.139E-03 4.261E-03 3.661E-03 2.674E-03 1.842E-03 1.386E-03 7.244E-04 4.423E-04
  1.600E+01  3.538E-02 3.704E-02 3.829E-02 3.862E-02 3.984E-02 3.932E-02 4.031E-02 4.207E-02 4.189E-02 4.234E-02 4.388E-02 4.245E-02 4.415E-02 4.599E-02 5.223E-02 4.610E-02 3.719E-02 3.917E-02 9.317E-02 4.684E-02 4.961E-02 7.041E-02 9.479E-02 1.388E-01 1.618E-01 1.629E-01 1.542E-01 1.276E-01 5.973E-02 8.591E-02 9.214E-02 6.792E-02 4.786E-02 4.081E-02 3.465E-02 3.089E-02 2.576E-02 2.271E-02 1.852E-02 1.479E-02 1.251E-02 6.997E-03 4.978E-03 4.095E-03 5.413E-03 6.138E-03 7.040E-03 7.132E-03 7.143E-03 6.875E-03 6.584E-03 6.256E-03 6.013E-03 5.050E-03 4.193E-03 3.606E-03 2.638E-03 1.819E-03 1.369E-03 7.162E-04 4.376E-04
  1.800E+01  3.174E-02 3.388E-02 3.423E-02 3.453E-02 3.503E-02 3.630E-02 3.612E-02 3.578E-02 3.619E-02 3.637E-02 3.659E-02 3.826E-02 3.837E-02 4.011E-02 4.292E-02 3.823E-02 3.424E-02 3.793E-02 6.999E-02 2.744E-02 2.984E-02 4.931E-02 6.967E-02 1.052E-01 1.254E-01 1.316E-01 1.294E-01 1.103E-01 5.251E-02 7.596E-02 8.261E-02 6.213E-02 4.441E-02 3.806E-02 3.246E-02 2.902E-02 2.428E-02 2.146E-02 1.756E-02 1.406E-02 1.191E-02 6.692E-03 4.772E-03 3.934E-03 5.218E-03 5.927E-03 6.819E-03 6.924E-03 6.938E-03 6.700E-03 6.427E-03 6.117E-03 5.884E-03 4.952E-03 4.117E-03 3.544E-03 2.597E-03 1.793E-03 1.350E-03 7.070E-04 4.323E-04
  2.000E+01  2.835E-02 2.953E-02 3.009E-02 3.099E-02 3.142E-02 3.105E-02 3.258E-02 3.201E-02 3.350E-02 3.360E-02 3.256E-02 3.216E-02 3.427E-02 3.458E-02 3.602E-02 3.162E-02 3.113E-02 3.671E-02 5.721E-02 1.579E-02 1.757E-02 3.536E-02 5.200E-02 7.929E-02 9.556E-02 1.042E-01 1.065E-01 9.375E-02 4.548E-02 6.622E-02 7.314E-02 5.625E-02 4.086E-02 3.521E-02 3.018E-02 2.706E-02 2.274E-02 2.015E-02 1.654E-02 1.329E-02 1.128E-02 6.368E-03 4.552E-03 3.762E-03 5.009E-03 5.700E-03 6.580E-03 6.699E-03 6.717E-03 6.511E-03 6.257E-03 5.965E-03 5.743E-03 4.845E-03 4.034E-03 3.477E-03 2.552E-03 1.764E-03 1.330E-03 6.969E-04 4.264E-04
  2.200E+01  2.610E-02 2.588E-02 2.714E-02 2.733E-02 2.766E-02 2.764E-02 2.766E-02 2.890E-02 2.810E-02 2.818E-02 2.858E-02 2.906E-02 3.012E-02 3.060E-02 3.064E-02 2.671E-02 2.806E-02 3.422E-02 4.910E-02 9.532E-03 1.081E-02 2.693E-02 4.039E-02 6.030E-02 7.235E-02 8.101E-02 8.616E-02 7.842E-02 3.880E-02 5.693E-02 6.397E-02 5.040E-02 3.726E-02 3.231E-02 2.785E-02 2.506E-02 2.115E-02 1.879E-02 1.549E-02 1.249E-02 1.062E-02 6.030E-03 4.321E-03 3.581E-03 4.788E-03 5.459E-03 6.327E-03 6.460E-03 6.481E-03 6.309E-03 6.075E-03 5.802E-03 5.592E-03 4.730E-03 3.945E-03 3.404E-03 2.503E-03 1.733E-03 1.307E-03 6.860E-04 4.201E-04
  2.400E+01  2.301E-02 2.398E-02 2.449E-02 2.462E-02 2.424E-02 2.509E-02 2.554E-02 2.427E-02 2.456E-02 2.461E-02 2.423E-02 2.618E-02 2.617E-02 2.710E-02 2.613E-02 2.317E-02 2.543E-02 3.101E-02 4.257E-02 6.536E-03 7.582E-03 2.225E-02 3.316E-02 4.701E-02 5.504E-02 6.219E-02 6.860E-02 6.459E-02 3.261E-02 4.827E-02 5.526E-02 4.471E-02 3.369E-02 2.941E-02 2.551E-02 2.303E-02 1.954E-02 1.742E-02 1.442E-02 1.167E-02 9.943E-03 5.680E-03 4.083E-03 3.394E-03 4.559E-03 5.209E-03 6.062E-03 6.209E-03 6.233E-03 6.095E-03 5.883E-03 5.629E-03 5.432E-03 4.608E-03 3.850E-03 3.326E-03 2.451E-03 1.700E-03 1.283E-03 6.743E-04 4.132E-04
  2.600E+01  2.028E-02 2.151E-02 2.125E-02 2.131E-02 2.184E-02 2.189E-02 2.192E-02 2.212E-02 2.234E-02 2.239E-02 2.239E-02 2.247E-02 2.283E-02 2.357E-02 2.216E-02 2.053E-02 2.314E-02 2.773E-02 3.652E-02 5.213E-03 6.292E-03 1.978E-02 2.874E-02 3.800E-02 4.261E-02 4.742E-02 5.390E-02 5.244E-02 2.702E-02 4.040E-02 4.718E-02 3.927E-02 3.021E-02 2.657E-02 2.319E-02 2.102E-02 1.793E-02 1.604E-02 1.333E-02 1.084E-02 9.259E-03 5.324E-03 3.839E-03 3.202E-03 4.322E-03 4.951E-03 5.787E-03 5.948E-03 5.976E-03 5.873E-03 5.682E-03 5.449E-03 5.264E-03 4.479E-03 3.749E-03 3.244E-03 2.396E-03 1.665E-03 1.258E-03 6.619E-04 4.060E-04
  2.800E+01  1.845E-02 1.874E-02 1.832E-02 1.835E-02 1.920E-02 1.918E-02 1.893E-02 1.941E-02 1.857E-02 1.871E-02 1.897E-02 2.065E-02 2.041E-02 2.057E-02 1.884E-02 1.844E-02 2.100E-02 2.470E-02 3.086E-02 4.572E-03 5.845E-03 1.836E-02 2.588E-02 3.195E-02 3.392E-02 3.622E-02 4.196E-02 4.203E-02 2.207E-02 3.338E-02 3.983E-02 3.415E-02 2.686E-02 2.381E-02 2.093E-02 1.905E-02 1.635E-02 1.467E-02 1.226E-02 1.001E-02 8.576E-03 4.965E-03 3.593E-03 3.007E-03 4.082E-03 4.687E-03 5.506E-03 5.680E-03 5.712E-03 5.642E-03 5.473E-03 5.261E-03 5.089E-03 4.344E-03 3.644E-03 3.159E-03 2.339E-03 1.628E-03 1.231E-03 6.488E-04 3.984E-04
  3.000E+01  1.694E-02 1.625E-02 1.656E-02 1.646E-02 1.706E-02 1.710E-02 1.705E-02 1.669E-02 1.700E-02 1.697E-02 1.729E-02 1.769E-02 1.781E-02 1.794E-02 1.634E-02 1.662E-02 1.898E-02 2.197E-02 2.579E-02 4.110E-03 5.621E-03 1.728E-02 2.374E-02 2.775E-02 2.792E-02 2.796E-02 3.251E-02 3.332E-02 1.779E-02 2.727E-02 3.326E-02 2.942E-02 2.369E-02 2.117E-02 1.875E-02 1.715E-02 1.481E-02 1.334E-02 1.121E-02 9.193E-03 7.900E-03 4.609E-03 3.347E-03 2.813E-03 3.840E-03 4.421E-03 5.221E-03 5.407E-03 5.442E-03 5.406E-03 5.259E-03 5.067E-03 4.908E-03 4.205E-03 3.535E-03 3.069E-03 2.278E-03 1.589E-03 1.203E-03 6.351E-04 3.904E-04
  3.200E+01  1.481E-02 1.451E-02 1.524E-02 1.478E-02 1.475E-02 1.456E-02 1.427E-02 1.548E-02 1.446E-02 1.457E-02 1.538E-02 1.561E-02 1.533E-02 1.552E-02 1.443E-02 1.491E-02 1.713E-02 1.950E-02 2.148E-02 3.646E-03 5.351E-03 1.619E-02 2.183E-02 2.460E-02 2.371E-02 2.201E-02 2.523E-02 2.620E-02 1.416E-02 2.205E-02 2.750E-02 2.511E-02 2.073E-02 1.869E-02 1.668E-02 1.533E-02 1.333E-02 1.206E-02 1.018E-02 8.397E-03 7.238E-03 4.257E-03 3.104E-03 2.619E-03 3.598E-03 4.155E-03 4.935E-03 5.131E-03 5.169E-03 5.167E-03 5.041E-03 4.869E-03 4.724E-03 4.062E-03 3.423E-03 2.977E-03 2.216E-03 1.549E-03 1.174E-03 6.209E-04 3.821E-04
  3.400E+01  1.290E-02 1.298E-02 1.314E-02 1.316E-02 1.300E-02 1.320E-02 1.316E-02 1.269E-02 1.303E-02 1.310E-02 1.324E-02 1.396E-02 1.355E-02 1.359E-02 1.275E-02 1.327E-02 1.546E-02 1.725E-02 1.794E-02 3.160E-03 4.978E-03 1.498E-02 1.994E-02 2.202E-02 2.063E-02 1.779E-02 1.974E-02 2.051E-02 1.116E-02 1.768E-02 2.254E-02 2.125E-02 1.799E-02 1.637E-02 1.474E-02 1.361E-02 1.192E-02 1.083E-02 9.202E-03 7.628E-03 6.597E-03 3.913E-03 2.866E-03 2.429E-03 3.359E-03 3.891E-03 4.648E-03 4.855E-03 4.896E-03 4.925E-03 4.820E-03 4.669E-03 4.536E-03 3.916E-03 3.309E-03 2.883E-03 2.152E-03 1.508E-03 1.144E-03 6.062E-04 3.735E-04
  3.600E+01  1.109E-02 1.153E-02 1.137E-02 1.125E-02 1.156E-02 1.106E-02 1.114E-02 1.198E-02 1.138E-02 1.138E-02 1.203E-02 1.197E-02 1.181E-02 1.206E-02 1.119E-02 1.188E-02 1.389E-02 1.522E-02 1.506E-02 2.689E-03 4.537E-03 1.368E-02 1.804E-02 1.972E-02 1.820E-02 1.480E-02 1.569E-02 1.606E-02 8.712E-03 1.409E-02 1.835E-02 1.784E-02 1.550E-02 1.424E-02 1.293E-02 1.201E-02 1.059E-02 9.666E-03 8.267E-03 6.892E-03 5.982E-03 3.581E-03 2.634E-03 2.243E-03 3.125E-03 3.632E-03 4.365E-03 4.580E-03 4.624E-03 4.682E-03 4.597E-03 4.466E-03 4.347E-03 3.768E-03 3.192E-03 2.787E-03 2.087E-03 1.465E-03 1.114E-03 5.912E-04 3.647E-04
  3.800E+01  1.007E-02 9.970E-03 9.923E-03 9.894E-03 9.823E-03 1.001E-02 9.970E-03 9.980E-03 9.844E-03 9.952E-03 1.040E-02 1.059E-02 1.044E-02 1.036E-02 9.802E-03 1.078E-02 1.239E-02 1.341E-02 1.272E-02 2.269E-03 4.082E-03 1.237E-02 1.618E-02 1.759E-02 1.616E-02 1.264E-02 1.273E-02 1.264E-02 6.765E-03 1.120E-02 1.485E-02 1.486E-02 1.326E-02 1.230E-02 1.127E-02 1.053E-02 9.356E-03 8.579E-03 7.386E-03 6.195E-03 5.397E-03 3.262E-03 2.411E-03 2.063E-03 2.896E-03 3.378E-03 4.087E-03 4.309E-03 4.355E-03 4.441E-03 4.376E-03 4.264E-03 4.157E-03 3.618E-03 3.074E-03 2.689E-03 2.020E-03 1.422E-03 1.082E-03 5.758E-04 3.557E-04
  4.000E+01  8.646E-03 8.561E-03 8.641E-03 8.687E-03 8.944E-03 8.584E-03 8.790E-03 9.056E-03 8.981E-03 8.985E-03 9.334E-03 9.207E-03 9.165E-03 8.915E-03 8.703E-03 9.780E-03 1.102E-02 1.180E-02 1.081E-02 1.916E-03 3.657E-03 1.111E-02 1.442E-02 1.560E-02 1.436E-02 1.101E-02 1.057E-02 1.005E-02 5.244E-03 8.907E-03 1.199E-02 1.230E-02 1.126E-02 1.056E-02 9.763E-03 9.169E-03 8.216E-03 7.572E-03 6.564E-03 5.540E-03 4.845E-03 2.958E-03 2.198E-03 1.891E-03 2.675E-03 3.131E-03 3.815E-03 4.043E-03 4.091E-03 4.202E-03 4.155E-03 4.062E-03 3.967E-03 3.469E-03 2.955E-03 2.591E-03 1.953E-03 1.379E-03 1.051E-03 5.602E-04 3.466E-04
  4.200E+01  7.987E-03 7.444E-03 7.579E-03 7.603E-03 7.558E-03 7.678E-03 7.647E-03 7.826E-03 7.529E-03 7.625E-03 7.990E-03 8.108E-03 7.858E-03 8.090E-03 7.871E-03 8.701E-03 9.825E-03 1.039E-02 9.232E-03 1.631E-03 3.282E-03 9.947E-03 1.280E-02 1.377E-02 1.272E-02 9.712E-03 8.987E-03 8.125E-03 4.076E-03 7.122E-03 9.676E-03 1.014E-02 9.512E-03 9.005E-03 8.406E-03 7.941E-03 7.175E-03 6.646E-03 5.802E-03 4.930E-03 4.329E-03 2.670E-03 1.995E-03 1.726E-03 2.463E-03 2.894E-03 3.551E-03 3.783E-03 3.833E-03 3.968E-03 3.938E-03 3.862E-03 3.778E-03 3.319E-03 2.837E-03 2.493E-03 1.886E-03 1.335E-03 1.018E-03 5.445E-04 3.373E-04
  4.400E+01  6.654E-03 6.498E-03 6.615E-03 6.686E-03 6.809E-03 6.474E-03 6.780E-03 6.944E-03 7.039E-03 7.067E-03 7.239E-03 6.959E-03 6.939E-03 7.079E-03 7.084E-03 7.677E-03 8.767E-03 9.144E-03 7.918E-03 1.403E-03 2.960E-03 8.908E-03 1.136E-02 1.212E-02 1.122E-02 8.627E-03 7.795E-03 6.697E-03 3.196E-03 5.752E-03 7.837E-03 8.319E-03 7.988E-03 7.638E-03 7.197E-03 6.840E-03 6.232E-03 5.802E-03 5.104E-03 4.365E-03 3.849E-03 2.401E-03 1.803E-03 1.570E-03 2.260E-03 2.666E-03 3.296E-03 3.531E-03 3.582E-03 3.738E-03 3.724E-03 3.665E-03 3.592E-03 3.171E-03 2.718E-03 2.395E-03 1.818E-03 1.291E-03 9.863E-04 5.286E-04 3.281E-04
  4.600E+01  5.863E-03 5.793E-03 5.848E-03 5.764E-03 5.829E-03 6.053E-03 5.928E-03 5.975E-03 5.813E-03 5.884E-03 6.263E-03 6.182E-03 6.237E-03 6.067E-03 6.273E-03 6.901E-03 7.795E-03 8.059E-03 6.819E-03 1.220E-03 2.684E-03 7.990E-03 1.009E-02 1.066E-02 9.877E-03 7.679E-03 6.865E-03 5.638E-03 2.541E-03 4.712E-03 6.392E-03 6.816E-03 6.678E-03 6.446E-03 6.130E-03 5.861E-03 5.385E-03 5.041E-03 4.467E-03 3.848E-03 3.408E-03 2.150E-03 1.624E-03 1.423E-03 2.068E-03 2.450E-03 3.053E-03 3.289E-03 3.341E-03 3.514E-03 3.515E-03 3.472E-03 3.410E-03 3.025E-03 2.601E-03 2.297E-03 1.751E-03 1.246E-03 9.542E-04 5.128E-04 3.188E-04
  4.800E+01  5.564E-03 5.059E-03 5.111E-03 5.164E-03 5.170E-03 4.989E-03 5.250E-03 5.317E-03 5.456E-03 5.493E-03 5.419E-03 5.337E-03 5.405E-03 5.515E-03 5.534E-03 6.288E-03 6.915E-03 7.109E-03 5.897E-03 1.071E-03 2.446E-03 7.183E-03 8.986E-03 9.379E-03 8.680E-03 6.831E-03 6.106E-03 4.844E-03 2.059E-03 3.928E-03 5.268E-03 5.588E-03 5.564E-03 5.417E-03 5.198E-03 4.998E-03 4.632E-03 4.359E-03 3.893E-03 3.377E-03 3.004E-03 1.917E-03 1.458E-03 1.285E-03 1.887E-03 2.245E-03 2.820E-03 3.056E-03 3.108E-03 3.298E-03 3.312E-03 3.283E-03 3.231E-03 2.881E-03 2.486E-03 2.200E-03 1.684E-03 1.203E-03 9.222E-04 4.969E-04 3.095E-04
  5.000E+01  4.560E-03 4.367E-03 4.395E-03 4.400E-03 4.409E-03 4.658E-03 4.503E-03 4.559E-03 4.574E-03 4.670E-03 4.804E-03 4.669E-03 4.701E-03 4.840E-03 4.941E-03 5.626E-03 6.159E-03 6.273E-03 5.120E-03 9.471E-04 2.237E-03 6.472E-03 8.025E-03 8.276E-03 7.632E-03 6.065E-03 5.462E-03 4.235E-03 1.707E-03 3.339E-03 4.399E-03 4.594E-03 4.625E-03 4.538E-03 4.390E-03 4.245E-03 3.967E-03 3.753E-03 3.377E-03 2.951E-03 2.637E-03 1.704E-03 1.304E-03 1.158E-03 1.717E-03 2.052E-03 2.599E-03 2.834E-03 2.887E-03 3.090E-03 3.116E-03 3.100E-03 3.057E-03 2.740E-03 2.372E-03 2.105E-03 1.617E-03 1.159E-03 8.904E-04 4.813E-04 3.003E-04
  5.200E+01  3.595E-03 3.972E-03 3.784E-03 3.894E-03 3.934E-03 3.881E-03 4.080E-03 4.023E-03 4.158E-03 4.182E-03 4.240E-03 4.062E-03 4.200E-03 4.169E-03 4.544E-03 4.929E-03 5.513E-03 5.541E-03 4.464E-03 8.425E-04 2.050E-03 5.844E-03 7.186E-03 7.327E-03 6.722E-03 5.377E-03 4.897E-03 3.753E-03 1.448E-03 2.892E-03 3.730E-03 3.798E-03 3.841E-03 3.793E-03 3.697E-03 3.594E-03 3.384E-03 3.219E-03 2.919E-03 2.569E-03 2.306E-03 1.509E-03 1.162E-03 1.039E-03 1.559E-03 1.872E-03 2.391E-03 2.624E-03 2.676E-03 2.890E-03 2.927E-03 2.923E-03 2.888E-03 2.602E-03 2.261E-03 2.012E-03 1.552E-03 1.116E-03 8.590E-04 4.658E-04 2.912E-04
  5.400E+01  3.321E-03 3.551E-03 3.301E-03 3.279E-03 3.312E-03 3.509E-03 3.414E-03 3.475E-03 3.589E-03 3.681E-03 3.609E-03 3.584E-03 3.742E-03 3.805E-03 4.142E-03 4.378E-03 4.922E-03 4.911E-03 3.909E-03 7.533E-04 1.882E-03 5.286E-03 6.453E-03 6.512E-03 5.940E-03 4.762E-03 4.391E-03 3.359E-03 1.256E-03 2.549E-03 3.215E-03 3.165E-03 3.193E-03 3.168E-03 3.107E-03 3.034E-03 2.879E-03 2.752E-03 2.514E-03 2.229E-03 2.010E-03 1.332E-03 1.033E-03 9.307E-04 1.412E-03 1.704E-03 2.196E-03 2.425E-03 2.477E-03 2.699E-03 2.746E-03 2.752E-03 2.725E-03 2.468E-03 2.153E-03 1.921E-03 1.488E-03 1.074E-03 8.282E-04 4.505E-04 2.823E-04
  5.600E+01  3.203E-03 3.083E-03 2.875E-03 3.017E-03 2.917E-03 3.043E-03 3.079E-03 3.091E-03 3.199E-03 3.237E-03 3.198E-03 3.116E-03 3.228E-03 3.453E-03 3.557E-03 3.998E-03 4.366E-03 4.368E-03 3.436E-03 6.766E-04 1.729E-03 4.788E-03 5.808E-03 5.810E-03 5.269E-03 4.219E-03 3.936E-03 3.023E-03 1.109E-03 2.278E-03 2.813E-03 2.665E-03 2.662E-03 2.647E-03 2.609E-03 2.558E-03 2.443E-03 2.346E-03 2.159E-03 1.927E-03 1.746E-03 1.172E-03 9.153E-04 8.314E-04 1.277E-03 1.549E-03 2.014E-03 2.238E-03 2.289E-03 2.517E-03 2.572E-03 2.588E-03 2.569E-03 2.339E-03 2.047E-03 1.832E-03 1.426E-03 1.033E-03 7.980E-04 4.356E-04 2.735E-04
  5.800E+01  2.952E-03 2.607E-03 2.547E-03 2.521E-03 2.555E-03 2.628E-03 2.629E-03 2.595E-03 2.796E-03 2.871E-03 2.857E-03 2.736E-03 2.874E-03 2.903E-03 3.125E-03 3.631E-03 3.885E-03 3.891E-03 3.034E-03 6.103E-04 1.591E-03 4.344E-03 5.240E-03 5.203E-03 4.693E-03 3.744E-03 3.525E-03 2.730E-03 9.931E-04 2.058E-03 2.496E-03 2.271E-03 2.230E-03 2.217E-03 2.191E-03 2.155E-03 2.070E-03 1.996E-03 1.849E-03 1.662E-03 1.513E-03 1.028E-03 8.090E-04 7.410E-04 1.152E-03 1.405E-03 1.844E-03 2.062E-03 2.113E-03 2.346E-03 2.407E-03 2.432E-03 2.419E-03 2.215E-03 1.946E-03 1.746E-03 1.365E-03 9.925E-04 7.685E-04 4.210E-04 2.650E-04
  6.000E+01  2.557E-03 2.141E-03 2.229E-03 2.238E-03 2.166E-03 2.309E-03 2.279E-03 2.401E-03 2.493E-03 2.552E-03 2.455E-03 2.370E-03 2.576E-03 2.540E-03 2.968E-03 3.202E-03 3.495E-03 3.466E-03 2.690E-03 5.528E-04 1.465E-03 3.947E-03 4.738E-03 4.675E-03 4.198E-03 3.331E-03 3.157E-03 2.468E-03 8.979E-04 1.872E-03 2.241E-03 1.962E-03 1.880E-03 1.864E-03 1.844E-03 1.817E-03 1.752E-03 1.696E-03 1.581E-03 1.430E-03 1.307E-03 8.996E-04 7.134E-04 6.591E-04 1.039E-03 1.273E-03 1.687E-03 1.899E-03 1.949E-03 2.184E-03 2.251E-03 2.283E-03 2.275E-03 2.095E-03 1.847E-03 1.663E-03 1.306E-03 9.535E-04 7.399E-04 4.069E-04 2.567E-04
  6.200E+01  2.171E-03 1.769E-03 1.870E-03 1.986E-03 1.902E-03 1.999E-03 2.019E-03 1.945E-03 2.190E-03 2.248E-03 2.161E-03 2.053E-03 2.228E-03 2.471E-03 2.687E-03 2.817E-03 3.155E-03 3.091E-03 2.395E-03 5.029E-04 1.350E-03 3.593E-03 4.294E-03 4.215E-03 3.771E-03 2.974E-03 2.828E-03 2.233E-03 8.165E-04 1.711E-03 2.029E-03 1.717E-03 1.599E-03 1.576E-03 1.556E-03 1.534E-03 1.484E-03 1.441E-03 1.350E-03 1.228E-03 1.127E-03 7.857E-04 6.279E-04 5.853E-04 9.355E-04 1.153E-03 1.542E-03 1.747E-03 1.796E-03 2.031E-03 2.104E-03 2.141E-03 2.139E-03 1.980E-03 1.753E-03 1.582E-03 1.249E-03 9.156E-04 7.122E-04 3.932E-04 2.487E-04
  6.400E+01  1.796E-03 1.465E-03 1.673E-03 1.645E-03 1.623E-03 1.746E-03 1.678E-03 1.825E-03 1.932E-03 1.995E-03 1.928E-03 1.887E-03 1.955E-03 2.147E-03 2.290E-03 2.559E-03 2.828E-03 2.766E-03 2.141E-03 4.595E-04 1.246E-03 3.275E-03 3.900E-03 3.812E-03 3.400E-03 2.666E-03 2.538E-03 2.020E-03 7.446E-04 1.567E-03 1.850E-03 1.522E-03 1.373E-03 1.342E-03 1.320E-03 1.301E-03 1.260E-03 1.225E-03 1.152E-03 1.054E-03 9.712E-04 6.849E-04 5.517E-04 5.191E-04 8.418E-04 1.043E-03 1.409E-03 1.607E-03 1.654E-03 1.889E-03 1.965E-03 2.008E-03 2.010E-03 1.871E-03 1.663E-03 1.506E-03 1.194E-03 8.792E-04 6.855E-04 3.800E-04 2.410E-04
  6.600E+01  1.512E-03 1.274E-03 1.486E-03 1.494E-03 1.456E-03 1.478E-03 1.531E-03 1.496E-03 1.720E-03 1.767E-03 1.705E-03 1.571E-03 1.777E-03 1.741E-03 2.061E-03 2.347E-03 2.530E-03 2.487E-03 1.923E-03 4.215E-04 1.151E-03 2.991E-03 3.551E-03 3.458E-03 3.077E-03 2.400E-03 2.282E-03 1.827E-03 6.796E-04 1.436E-03 1.693E-03 1.365E-03 1.192E-03 1.153E-03 1.127E-03 1.108E-03 1.072E-03 1.044E-03 9.845E-04 9.043E-04 8.359E-04 5.963E-04 4.841E-04 4.599E-04 7.572E-04 9.439E-04 1.287E-03 1.478E-03 1.524E-03 1.756E-03 1.835E-03 1.882E-03 1.888E-03 1.767E-03 1.577E-03 1.432E-03 1.142E-03 8.442E-04 6.598E-04 3.674E-04 2.336E-04
  6.800E+01  1.325E-03 1.076E-03 1.296E-03 1.187E-03 1.179E-03 1.365E-03 1.279E-03 1.353E-03 1.513E-03 1.588E-03 1.455E-03 1.364E-03 1.568E-03 1.653E-03 1.913E-03 2.097E-03 2.281E-03 2.243E-03 1.734E-03 3.882E-04 1.066E-03 2.737E-03 3.241E-03 3.146E-03 2.795E-03 2.170E-03 2.059E-03 1.654E-03 6.201E-04 1.316E-03 1.554E-03 1.236E-03 1.047E-03 1.001E-03 9.695E-04 9.493E-04 9.159E-04 8.915E-04 8.422E-04 7.760E-04 7.194E-04 5.186E-04 4.244E-04 4.072E-04 6.811E-04 8.540E-04 1.176E-03 1.359E-03 1.403E-03 1.632E-03 1.713E-03 1.764E-03 1.774E-03 1.669E-03 1.495E-03 1.362E-03 1.092E-03 8.107E-04 6.353E-04 3.553E-04 2.266E-04
  7.000E+01  1.167E-03 9.040E-04 1.079E-03 1.094E-03 1.098E-03 1.077E-03 1.094E-03 1.164E-03 1.322E-03 1.362E-03 1.332E-03 1.306E-03 1.316E-03 1.594E-03 1.730E-03 1.860E-03 2.063E-03 2.028E-03 1.571E-03 3.591E-04 9.876E-04 2.510E-03 2.965E-03 2.872E-03 2.548E-03 1.970E-03 1.864E-03 1.500E-03 5.654E-04 1.206E-03 1.429E-03 1.128E-03 9.294E-04 8.777E-04 8.415E-04 8.197E-04 7.869E-04 7.647E-04 7.223E-04 6.668E-04 6.194E-04 4.508E-04 3.719E-04 3.605E-04 6.128E-04 7.730E-04 1.075E-03 1.250E-03 1.293E-03 1.518E-03 1.600E-03 1.653E-03 1.666E-03 1.576E-03 1.418E-03 1.295E-03 1.044E-03 7.789E-04 6.120E-04 3.439E-04 2.200E-04
  7.200E+01  9.807E-04 7.871E-04 9.327E-04 9.341E-04 9.303E-04 1.025E-03 1.011E-03 1.019E-03 1.170E-03 1.231E-03 1.148E-03 1.073E-03 1.210E-03 1.287E-03 1.533E-03 1.700E-03 1.859E-03 1.837E-03 1.429E-03 3.334E-04 9.167E-04 2.306E-03 2.720E-03 2.630E-03 2.330E-03 1.796E-03 1.694E-03 1.362E-03 5.153E-04 1.105E-03 1.315E-03 1.035E-03 8.341E-04 7.779E-04 7.375E-04 7.139E-04 6.806E-04 6.595E-04 6.217E-04 5.742E-04 5.341E-04 3.919E-04 3.259E-04 3.192E-04 5.518E-04 7.002E-04 9.828E-04 1.151E-03 1.192E-03 1.412E-03 1.494E-03 1.550E-03 1.565E-03 1.489E-03 1.344E-03 1.232E-03 9.986E-04 7.487E-04 5.899E-04 3.332E-04 2.138E-04
  7.400E+01  8.620E-04 7.049E-04 8.654E-04 7.206E-04 7.792E-04 8.435E-04 8.193E-04 9.018E-04 1.020E-03 1.065E-03 1.022E-03 9.791E-04 1.102E-03 1.135E-03 1.342E-03 1.562E-03 1.681E-03 1.666E-03 1.306E-03 3.108E-04 8.523E-04 2.123E-03 2.502E-03 2.417E-03 2.139E-03 1.643E-03 1.546E-03 1.240E-03 4.694E-04 1.012E-03 1.211E-03 9.552E-04 7.560E-04 6.968E-04 6.529E-04 6.276E-04 5.932E-04 5.725E-04 5.376E-04 4.959E-04 4.615E-04 3.409E-04 2.856E-04 2.827E-04 4.974E-04 6.350E-04 8.999E-04 1.061E-03 1.100E-03 1.315E-03 1.397E-03 1.454E-03 1.471E-03 1.406E-03 1.275E-03 1.173E-03 9.558E-04 7.202E-04 5.691E-04 3.231E-04 2.080E-04
  7.600E+01  7.320E-04 6.543E-04 7.227E-04 6.521E-04 7.163E-04 7.240E-04 7.256E-04 7.944E-04 8.879E-04 9.384E-04 8.996E-04 8.820E-04 9.237E-04 1.105E-03 1.230E-03 1.395E-03 1.538E-03 1.516E-03 1.199E-03 2.908E-04 7.937E-04 1.959E-03 2.308E-03 2.228E-03 1.970E-03 1.510E-03 1.417E-03 1.132E-03 4.276E-04 9.279E-04 1.116E-03 8.841E-04 6.909E-04 6.303E-04 5.840E-04 5.571E-04 5.214E-04 5.006E-04 4.675E-04 4.300E-04 4.000E-04 2.969E-04 2.506E-04 2.507E-04 4.489E-04 5.767E-04 8.251E-04 9.783E-04 1.016E-03 1.225E-03 1.307E-03 1.365E-03 1.384E-03 1.330E-03 1.211E-03 1.117E-03 9.155E-04 6.934E-04 5.496E-04 3.137E-04 2.026E-04
  7.800E+01  5.486E-04 6.330E-04 5.547E-04 6.574E-04 6.480E-04 6.484E-04 6.685E-04 7.044E-04 8.042E-04 8.468E-04 7.994E-04 7.748E-04 8.154E-04 9.613E-04 1.168E-03 1.250E-03 1.409E-03 1.386E-03 1.106E-03 2.731E-04 7.405E-04 1.812E-03 2.135E-03 2.061E-03 1.821E-03 1.392E-03 1.303E-03 1.038E-03 3.899E-04 8.514E-04 1.029E-03 8.202E-04 6.360E-04 5.753E-04 5.274E-04 4.995E-04 4.625E-04 4.413E-04 4.092E-04 3.747E-04 3.480E-04 2.590E-04 2.201E-04 2.226E-04 4.059E-04 5.246E-04 7.577E-04 9.037E-04 9.398E-04 1.143E-03 1.224E-03 1.283E-03 1.302E-03 1.258E-03 1.150E-03 1.065E-03 8.778E-04 6.684E-04 5.315E-04 3.050E-04 1.977E-04
  8.000E+01  4.257E-04 5.224E-04 5.166E-04 5.197E-04 4.615E-04 5.940E-04 5.416E-04 6.352E-04 6.531E-04 6.818E-04 7.101E-04 7.092E-04 7.721E-04 8.641E-04 1.026E-03 1.162E-03 1.277E-03 1.276E-03 1.026E-03 2.575E-04 6.921E-04 1.681E-03 1.981E-03 1.913E-03 1.689E-03 1.288E-03 1.204E-03 9.543E-04 3.560E-04 7.823E-04 9.498E-04 7.622E-04 5.890E-04 5.292E-04 4.807E-04 4.521E-04 4.141E-04 3.925E-04 3.608E-04 3.283E-04 3.042E-04 2.265E-04 1.937E-04 1.980E-04 3.678E-04 4.782E-04 6.971E-04 8.362E-04 8.708E-04 1.067E-03 1.147E-03 1.206E-03 1.227E-03 1.191E-03 1.094E-03 1.016E-03 8.426E-04 6.451E-04 5.146E-04 2.970E-04 1.932E-04
  8.200E+01  4.085E-04 3.921E-04 4.756E-04 4.359E-04 4.870E-04 4.516E-04 5.032E-04 5.685E-04 6.280E-04 6.712E-04 6.200E-04 6.258E-04 6.799E-04 7.541E-04 8.761E-04 1.078E-03 1.158E-03 1.181E-03 9.562E-04 2.436E-04 6.481E-04 1.562E-03 1.843E-03 1.781E-03 1.573E-03 1.196E-03 1.116E-03 8.812E-04 3.257E-04 7.203E-04 8.779E-04 7.093E-04 5.481E-04 4.901E-04 4.419E-04 4.129E-04 3.742E-04 3.522E-04 3.206E-04 2.895E-04 2.673E-04 1.986E-04 1.708E-04 1.765E-04 3.340E-04 4.370E-04 6.426E-04 7.752E-04 8.082E-04 9.984E-04 1.077E-03 1.136E-03 1.158E-03 1.129E-03 1.041E-03 9.706E-04 8.098E-04 6.235E-04 4.991E-04 2.898E-04 1.892E-04
  8.400E+01  3.661E-04 3.434E-04 3.648E-04 4.639E-04 4.169E-04 4.641E-04 4.323E-04 5.129E-04 5.240E-04 5.486E-04 5.669E-04 5.611E-04 6.038E-04 6.667E-04 8.339E-04 9.727E-04 1.065E-03 1.097E-03 8.960E-04 2.312E-04 6.081E-04 1.456E-03 1.720E-03 1.665E-03 1.470E-03 1.115E-03 1.039E-03 8.170E-04 2.987E-04 6.647E-04 8.127E-04 6.609E-04 5.121E-04 4.566E-04 4.092E-04 3.802E-04 3.412E-04 3.188E-04 2.872E-04 2.571E-04 2.363E-04 1.748E-04 1.511E-04 1.577E-04 3.041E-04 4.003E-04 5.938E-04 7.201E-04 7.517E-04 9.356E-04 1.013E-03 1.072E-03 1.094E-03 1.072E-03 9.926E-04 9.285E-04 7.796E-04 6.037E-04 4.849E-04 2.832E-04 1.856E-04
  8.600E+01  3.632E-04 3.205E-04 3.708E-04 3.938E-04 3.156E-04 4.308E-04 3.960E-04 4.581E-04 4.670E-04 4.904E-04 4.870E-04 5.249E-04 5.639E-04 6.801E-04 8.006E-04 8.887E-04 9.925E-04 1.021E-03 8.441E-04 2.202E-04 5.717E-04 1.360E-03 1.611E-03 1.562E-03 1.379E-03 1.043E-03 9.710E-04 7.604E-04 2.747E-04 6.149E-04 7.540E-04 6.165E-04 4.799E-04 4.274E-04 3.814E-04 3.528E-04 3.137E-04 2.912E-04 2.595E-04 2.300E-04 2.103E-04 1.545E-04 1.341E-04 1.413E-04 2.777E-04 3.676E-04 5.500E-04 6.703E-04 7.006E-04 8.783E-04 9.539E-04 1.012E-03 1.035E-03 1.019E-03 9.477E-04 8.896E-04 7.517E-04 5.856E-04 4.720E-04 2.774E-04 1.825E-04
  8.800E+01  3.091E-04 3.014E-04 3.633E-04 3.069E-04 3.060E-04 3.504E-04 3.391E-04 4.273E-04 4.379E-04 4.646E-04 4.513E-04 4.655E-04 5.008E-04 5.958E-04 6.968E-04 8.393E-04 9.242E-04 9.550E-04 7.997E-04 2.105E-04 5.385E-04 1.275E-03 1.513E-03 1.471E-03 1.298E-03 9.789E-04 9.106E-04 7.106E-04 2.534E-04 5.705E-04 7.011E-04 5.759E-04 4.511E-04 4.017E-04 3.574E-04 3.294E-04 2.907E-04 2.680E-04 2.364E-04 2.074E-04 1.884E-04 1.372E-04 1.195E-04 1.271E-04 2.543E-04 3.386E-04 5.107E-04 6.254E-04 6.545E-04 8.262E-04 9.001E-04 9.578E-04 9.810E-04 9.702E-04 9.063E-04 8.538E-04 7.262E-04 5.692E-04 4.604E-04 2.723E-04 1.798E-04
  9.000E+01  2.663E-04 2.593E-04 3.043E-04 2.718E-04 2.921E-04 3.353E-04 3.171E-04 3.747E-04 3.818E-04 3.987E-04 3.910E-04 4.154E-04 4.868E-04 4.488E-04 6.170E-04 7.858E-04 8.616E-04 8.986E-04 7.618E-04 2.018E-04 5.084E-04 1.198E-03 1.426E-03 1.391E-03 1.227E-03 9.223E-04 8.570E-04 6.665E-04 2.346E-04 5.309E-04 6.536E-04 5.389E-04 4.250E-04 3.788E-04 3.366E-04 3.094E-04 2.712E-04 2.486E-04 2.170E-04 1.884E-04 1.701E-04 1.224E-04 1.068E-04 1.147E-04 2.336E-04 3.128E-04 4.754E-04 5.850E-04 6.128E-04 7.787E-04 8.510E-04 9.080E-04 9.314E-04 9.255E-04 8.684E-04 8.210E-04 7.030E-04 5.544E-04 4.501E-04 2.680E-04 1.776E-04
  9.200E+01  2.388E-04 2.351E-04 2.521E-04 2.850E-04 2.939E-04 2.950E-04 2.840E-04 3.354E-04 3.700E-04 3.948E-04 3.488E-04 3.870E-04 4.565E-04 4.981E-04 6.072E-04 7.177E-04 8.108E-04 8.522E-04 7.300E-04 1.940E-04 4.810E-04 1.129E-03 1.348E-03 1.320E-03 1.165E-03 8.721E-04 8.094E-04 6.275E-04 2.179E-04 4.954E-04 6.110E-04 5.052E-04 4.014E-04 3.584E-04 3.182E-04 2.919E-04 2.546E-04 2.322E-04 2.008E-04 1.725E-04 1.547E-04 1.099E-04 9.601E-05 1.038E-04 2.153E-04 2.898E-04 4.438E-04 5.484E-04 5.751E-04 7.356E-04 8.062E-04 8.625E-04 8.861E-04 8.845E-04 8.336E-04 7.911E-04 6.820E-04 5.412E-04 4.410E-04 2.643E-04 1.759E-04
  9.400E+01  2.406E-04 2.578E-04 1.992E-04 2.771E-04 2.432E-04 2.881E-04 2.851E-04 2.985E-04 3.386E-04 3.531E-04 3.110E-04 3.723E-04 3.997E-04 5.233E-04 5.895E-04 6.675E-04 7.671E-04 8.148E-04 7.035E-04 1.871E-04 4.561E-04 1.067E-03 1.279E-03 1.258E-03 1.110E-03 8.276E-04 7.672E-04 5.930E-04 2.031E-04 4.637E-04 5.729E-04 4.747E-04 3.799E-04 3.399E-04 3.019E-04 2.766E-04 2.402E-04 2.182E-04 1.871E-04 1.591E-04 1.417E-04 9.925E-05 8.671E-05 9.443E-05 1.991E-04 2.694E-04 4.154E-04 5.154E-04 5.411E-04 6.963E-04 7.654E-04 8.210E-04 8.447E-04 8.470E-04 8.020E-04 7.640E-04 6.631E-04 5.296E-04 4.331E-04 2.613E-04 1.746E-04
  9.600E+01  2.223E-04 2.317E-04 2.178E-04 2.539E-04 2.261E-04 2.719E-04 2.551E-04 2.728E-04 3.062E-04 3.242E-04 3.062E-04 3.257E-04 3.817E-04 3.945E-04 5.359E-04 6.490E-04 7.267E-04 7.843E-04 6.821E-04 1.809E-04 4.335E-04 1.012E-03 1.219E-03 1.203E-03 1.062E-03 7.883E-04 7.299E-04 5.622E-04 1.900E-04 4.354E-04 5.388E-04 4.472E-04 3.604E-04 3.232E-04 2.873E-04 2.631E-04 2.277E-04 2.060E-04 1.754E-04 1.478E-04 1.308E-04 9.022E-05 7.871E-05 8.624E-05 1.847E-04 2.511E-04 3.898E-04 4.856E-04 5.102E-04 6.606E-04 7.282E-04 7.830E-04 8.069E-04 8.128E-04 7.732E-04 7.394E-04 6.463E-04 5.194E-04 4.265E-04 2.589E-04 1.737E-04
  9.800E+01  2.403E-04 1.822E-04 2.736E-04 2.002E-04 2.265E-04 2.179E-04 2.444E-04 2.333E-04 3.373E-04 3.601E-04 2.742E-04 2.945E-04 3.738E-04 3.604E-04 4.911E-04 6.333E-04 6.969E-04 7.590E-04 6.653E-04 1.753E-04 4.129E-04 9.627E-04 1.165E-03 1.156E-03 1.020E-03 7.537E-04 6.968E-04 5.349E-04 1.783E-04 4.099E-04 5.083E-04 4.227E-04 3.427E-04 3.081E-04 2.741E-04 2.509E-04 2.167E-04 1.955E-04 1.654E-04 1.383E-04 1.216E-04 8.255E-05 7.186E-05 7.910E-05 1.720E-04 2.348E-04 3.668E-04 4.586E-04 4.823E-04 6.281E-04 6.942E-04 7.485E-04 7.724E-04 7.817E-04 7.472E-04 7.172E-04 6.313E-04 5.107E-04 4.209E-04 2.573E-04 1.733E-04
  1.000E+02  2.131E-04 1.897E-04 2.672E-04 1.927E-04 1.845E-04 2.453E-04 2.322E-04 2.513E-04 2.703E-04 2.936E-04 2.751E-04 2.994E-04 3.413E-04 4.114E-04 4.795E-04 5.945E-04 6.829E-04 7.386E-04 6.526E-04 1.704E-04 3.942E-04 9.192E-04 1.119E-03 1.115E-03 9.837E-04 7.233E-04 6.676E-04 5.105E-04 1.679E-04 3.870E-04 4.811E-04 4.008E-04 3.267E-04 2.943E-04 2.621E-04 2.399E-04 2.069E-04 1.863E-04 1.567E-04 1.301E-04 1.138E-04 7.606E-05 6.597E-05 7.289E-05 1.606E-04 2.202E-04 3.460E-04 4.342E-04 4.570E-04 5.985E-04 6.633E-04 7.170E-04 7.411E-04 7.535E-04 7.236E-04 6.974E-04 6.183E-04 5.034E-04 4.164E-04 2.562E-04 1.732E-04
  1.020E+02  1.956E-04 1.968E-04 2.001E-04 2.377E-04 2.194E-04 2.108E-04 2.056E-04 2.226E-04 3.071E-04 3.161E-04 2.872E-04 2.849E-04 3.290E-04 4.010E-04 4.902E-04 5.510E-04 6.754E-04 7.236E-04 6.437E-04 1.660E-04 3.773E-04 8.808E-04 1.078E-03 1.080E-03 9.528E-04 6.968E-04 6.418E-04 4.887E-04 1.586E-04 3.665E-04 4.569E-04 3.815E-04 3.122E-04 2.817E-04 2.512E-04 2.299E-04 1.980E-04 1.780E-04 1.492E-04 1.231E-04 1.072E-04 7.056E-05 6.094E-05 6.747E-05 1.505E-04 2.072E-04 3.272E-04 4.120E-04 4.340E-04 5.715E-04 6.351E-04 6.882E-04 7.125E-04 7.280E-04 7.025E-04 6.797E-04 6.069E-04 4.974E-04 4.130E-04 2.557E-04 1.736E-04
  1.040E+02  1.845E-04 1.873E-04 1.981E-04 2.198E-04 1.879E-04 2.171E-04 2.049E-04 2.695E-04 2.511E-04 2.781E-04 3.062E-04 2.766E-04 3.132E-04 3.655E-04 4.924E-04 5.372E-04 6.648E-04 7.146E-04 6.384E-04 1.621E-04 3.619E-04 8.472E-04 1.044E-03 1.051E-03 9.267E-04 6.737E-04 6.191E-04 4.692E-04 1.504E-04 3.480E-04 4.356E-04 3.645E-04 2.992E-04 2.702E-04 2.411E-04 2.208E-04 1.901E-04 1.707E-04 1.427E-04 1.172E-04 1.015E-04 6.592E-05 5.662E-05 6.276E-05 1.415E-04 1.955E-04 3.102E-04 3.918E-04 4.131E-04 5.469E-04 6.094E-04 6.621E-04 6.865E-04 7.049E-04 6.836E-04 6.641E-04 5.972E-04 4.926E-04 4.106E-04 2.558E-04 1.743E-04
  1.060E+02  1.709E-04 1.963E-04 1.997E-04 2.006E-04 2.094E-04 2.108E-04 1.834E-04 2.417E-04 2.905E-04 3.073E-04 3.029E-04 2.669E-04 2.921E-04 3.325E-04 4.640E-04 5.474E-04 6.572E-04 7.114E-04 6.364E-04 1.585E-04 3.480E-04 8.181E-04 1.015E-03 1.028E-03 9.051E-04 6.538E-04 5.991E-04 4.519E-04 1.431E-04 3.315E-04 4.169E-04 3.498E-04 2.874E-04 2.598E-04 2.319E-04 2.124E-04 1.828E-04 1.641E-04 1.369E-04 1.120E-04 9.677E-05 6.202E-05 5.294E-05 5.865E-05 1.334E-04 1.850E-04 2.948E-04 3.734E-04 3.940E-04 5.244E-04 5.860E-04 6.383E-04 6.629E-04 6.841E-04 6.668E-04 6.503E-04 5.891E-04 4.890E-04 4.091E-04 2.565E-04 1.754E-04
  1.080E+02  1.931E-04 2.163E-04 1.941E-04 2.095E-04 1.878E-04 2.174E-04 2.079E-04 2.917E-04 2.546E-04 2.764E-04 3.003E-04 2.792E-04 3.157E-04 3.416E-04 4.261E-04 5.451E-04 6.642E-04 7.138E-04 6.377E-04 1.554E-04 3.354E-04 7.933E-04 9.921E-04 1.009E-03 8.879E-04 6.369E-04 5.816E-04 4.364E-04 1.365E-04 3.167E-04 4.006E-04 3.371E-04 2.768E-04 2.502E-04 2.234E-04 2.046E-04 1.762E-04 1.581E-04 1.318E-04 1.076E-04 9.272E-05 5.874E-05 4.980E-05 5.508E-05 1.263E-04 1.755E-04 2.808E-04 3.566E-04 3.766E-04 5.038E-04 5.645E-04 6.166E-04 6.414E-04 6.654E-04 6.518E-04 6.383E-04 5.824E-04 4.865E-04 4.084E-04 2.576E-04 1.768E-04
  1.100E+02  2.570E-04 2.333E-04 2.062E-04 2.225E-04 2.275E-04 2.442E-04 2.156E-04 2.799E-04 2.529E-04 2.631E-04 3.127E-04 3.427E-04 3.346E-04 4.087E-04 4.389E-04 5.215E-04 6.807E-04 7.226E-04 6.419E-04 1.526E-04 3.240E-04 7.725E-04 9.738E-04 9.954E-04 8.747E-04 6.227E-04 5.661E-04 4.227E-04 1.307E-04 3.036E-04 3.868E-04 3.263E-04 2.673E-04 2.414E-04 2.155E-04 1.974E-04 1.701E-04 1.527E-04 1.272E-04 1.038E-04 8.928E-05 5.600E-05 4.714E-05 5.197E-05 1.199E-04 1.670E-04 2.681E-04 3.413E-04 3.606E-04 4.849E-04 5.450E-04 5.968E-04 6.219E-04 6.486E-04 6.386E-04 6.279E-04 5.770E-04 4.850E-04 4.086E-04 2.593E-04 1.786E-04
  1.120E+02  3.134E-04 2.540E-04 2.514E-04 2.435E-04 2.245E-04 2.607E-04 2.484E-04 2.742E-04 2.914E-04 3.067E-04 2.854E-04 3.094E-04 3.342E-04 4.092E-04 4.969E-04 5.114E-04 6.930E-04 7.390E-04 6.490E-04 1.501E-04 3.139E-04 7.556E-04 9.605E-04 9.866E-04 8.656E-04 6.108E-04 5.525E-04 4.108E-04 1.255E-04 2.920E-04 3.752E-04 3.171E-04 2.587E-04 2.333E-04 2.082E-04 1.908E-04 1.644E-04 1.477E-04 1.232E-04 1.005E-04 8.639E-05 5.374E-05 4.488E-05 4.927E-05 1.141E-04 1.593E-04 2.565E-04 3.273E-04 3.461E-04 4.677E-04 5.270E-04 5.788E-04 6.042E-04 6.336E-04 6.270E-04 6.190E-04 5.728E-04 4.845E-04 4.096E-04 2.614E-04 1.806E-04
  1.140E+02  3.665E-04 3.021E-04 3.043E-04 2.854E-04 2.693E-04 3.136E-04 2.875E-04 2.996E-04 2.911E-04 3.065E-04 2.977E-04 3.555E-04 3.351E-04 3.689E-04 4.902E-04 5.405E-04 7.044E-04 7.627E-04 6.587E-04 1.478E-04 3.047E-04 7.426E-04 9.523E-04 9.827E-04 8.603E-04 6.011E-04 5.406E-04 4.006E-04 1.210E-04 2.821E-04 3.658E-04 3.094E-04 2.509E-04 2.258E-04 2.014E-04 1.846E-04 1.593E-04 1.432E-04 1.197E-04 9.770E-05 8.396E-05 5.189E-05 4.299E-05 4.693E-05 1.090E-04 1.524E-04 2.459E-04 3.145E-04 3.327E-04 4.518E-04 5.106E-04 5.624E-04 5.881E-04 6.202E-04 6.169E-04 6.115E-04 5.698E-04 4.848E-04 4.112E-04 2.639E-04 1.829E-04
  1.160E+02  3.966E-04 3.192E-04 3.174E-04 2.919E-04 3.067E-04 3.127E-04 2.956E-04 2.935E-04 3.303E-04 3.380E-04 3.105E-04 3.760E-04 3.625E-04 4.103E-04 4.282E-04 5.830E-04 7.309E-04 7.920E-04 6.706E-04 1.458E-04 2.967E-04 7.334E-04 9.492E-04 9.836E-04 8.589E-04 5.932E-04 5.301E-04 3.923E-04 1.170E-04 2.736E-04 3.585E-04 3.029E-04 2.437E-04 2.190E-04 1.951E-04 1.788E-04 1.545E-04 1.392E-04 1.165E-04 9.532E-05 8.196E-05 5.039E-05 4.141E-05 4.491E-05 1.044E-04 1.461E-04 2.363E-04 3.027E-04 3.205E-04 4.373E-04 4.956E-04 5.475E-04 5.736E-04 6.082E-04 6.081E-04 6.053E-04 5.679E-04 4.860E-04 4.135E-04 2.667E-04 1.855E-04
  1.180E+02  3.512E-04 3.543E-04 3.067E-04 3.054E-04 3.257E-04 3.881E-04 3.518E-04 2.767E-04 3.726E-04 3.859E-04 3.030E-04 3.564E-04 4.072E-04 4.526E-04 4.402E-04 6.052E-04 7.748E-04 8.261E-04 6.845E-04 1.440E-04 2.895E-04 7.281E-04 9.513E-04 9.894E-04 8.611E-04 5.868E-04 5.212E-04 3.859E-04 1.135E-04 2.666E-04 3.532E-04 2.974E-04 2.372E-04 2.126E-04 1.892E-04 1.735E-04 1.502E-04 1.355E-04 1.138E-04 9.334E-05 8.035E-05 4.921E-05 4.010E-05 4.318E-05 1.003E-04 1.405E-04 2.275E-04 2.920E-04 3.092E-04 4.239E-04 4.819E-04 5.339E-04 5.603E-04 5.976E-04 6.006E-04 6.001E-04 5.669E-04 4.879E-04 4.164E-04 2.700E-04 1.883E-04
  1.200E+02  3.111E-04 4.098E-04 3.274E-04 3.306E-04 3.184E-04 3.532E-04 3.333E-04 3.491E-04 4.024E-04 4.203E-04 3.696E-04 4.023E-04 4.261E-04 4.283E-04 4.988E-04 6.253E-04 8.231E-04 8.673E-04 7.003E-04 1.425E-04 2.833E-04 7.268E-04 9.590E-04 1.000E-03 8.666E-04 5.815E-04 5.139E-04 3.817E-04 1.104E-04 2.611E-04 3.496E-04 2.928E-04 2.312E-04 2.066E-04 1.838E-04 1.686E-04 1.463E-04 1.322E-04 1.114E-04 9.172E-05 7.908E-05 4.832E-05 3.905E-05 4.169E-05 9.666E-05 1.355E-04 2.195E-04 2.821E-04 2.989E-04 4.116E-04 4.692E-04 5.215E-04 5.483E-04 5.882E-04 5.942E-04 5.961E-04 5.667E-04 4.904E-04 4.199E-04 2.735E-04 1.913E-04
  1.220E+02  3.291E-04 3.902E-04 3.484E-04 3.559E-04 3.282E-04 3.611E-04 3.454E-04 3.202E-04 4.214E-04 4.303E-04 4.261E-04 3.795E-04 4.117E-04 4.748E-04 5.333E-04 6.805E-04 8.717E-04 9.180E-04 7.176E-04 1.410E-04 2.780E-04 7.297E-04 9.725E-04 1.016E-03 8.751E-04 5.772E-04 5.085E-04 3.798E-04 1.078E-04 2.568E-04 3.477E-04 2.887E-04 2.255E-04 2.011E-04 1.788E-04 1.642E-04 1.428E-04 1.294E-04 1.095E-04 9.045E-05 7.814E-05 4.767E-05 3.820E-05 4.043E-05 9.342E-05 1.309E-04 2.123E-04 2.731E-04 2.895E-04 4.003E-04 4.577E-04 5.101E-04 5.375E-04 5.800E-04 5.887E-04 5.929E-04 5.674E-04 4.936E-04 4.238E-04 2.773E-04 1.945E-04
  1.240E+02  2.751E-04 3.068E-04 3.617E-04 3.772E-04 3.463E-04 3.329E-04 3.662E-04 4.082E-04 4.642E-04 4.809E-04 4.629E-04 3.999E-04 4.270E-04 5.332E-04 5.729E-04 7.609E-04 9.296E-04 9.784E-04 7.359E-04 1.398E-04 2.735E-04 7.370E-04 9.921E-04 1.037E-03 8.858E-04 5.739E-04 5.057E-04 3.804E-04 1.055E-04 2.538E-04 3.470E-04 2.850E-04 2.203E-04 1.960E-04 1.743E-04 1.602E-04 1.397E-04 1.269E-04 1.079E-04 8.951E-05 7.750E-05 4.724E-05 3.755E-05 3.936E-05 9.054E-05 1.269E-04 2.057E-04 2.648E-04 2.808E-04 3.899E-04 4.471E-04 4.998E-04 5.276E-04 5.727E-04 5.842E-04 5.906E-04 5.687E-04 4.972E-04 4.281E-04 2.814E-04 1.979E-04
  1.260E+02  2.107E-04 2.426E-04 3.204E-04 3.293E-04 3.244E-04 3.459E-04 3.315E-04 4.611E-04 4.477E-04 4.746E-04 5.712E-04 4.700E-04 4.900E-04 5.288E-04 6.120E-04 8.414E-04 1.002E-03 1.046E-03 7.549E-04 1.387E-04 2.698E-04 7.488E-04 1.018E-03 1.061E-03 8.980E-04 5.717E-04 5.061E-04 3.836E-04 1.035E-04 2.518E-04 3.473E-04 2.816E-04 2.154E-04 1.914E-04 1.703E-04 1.567E-04 1.371E-04 1.249E-04 1.067E-04 8.890E-05 7.715E-05 4.701E-05 3.706E-05 3.847E-05 8.799E-05 1.232E-04 1.997E-04 2.572E-04 2.729E-04 3.803E-04 4.374E-04 4.905E-04 5.187E-04 5.663E-04 5.805E-04 5.890E-04 5.706E-04 5.014E-04 4.327E-04 2.856E-04 2.014E-04
  1.280E+02  1.999E-04 2.575E-04 2.630E-04 2.999E-04 3.965E-04 3.857E-04 4.112E-04 4.836E-04 4.995E-04 5.039E-04 6.293E-04 5.319E-04 5.588E-04 5.690E-04 6.697E-04 9.374E-04 1.088E-03 1.120E-03 7.738E-04 1.377E-04 2.668E-04 7.650E-04 1.049E-03 1.089E-03 9.106E-04 5.714E-04 5.104E-04 3.892E-04 1.017E-04 2.506E-04 3.481E-04 2.782E-04 2.108E-04 1.872E-04 1.667E-04 1.537E-04 1.350E-04 1.234E-04 1.058E-04 8.860E-05 7.708E-05 4.696E-05 3.673E-05 3.774E-05 8.574E-05 1.200E-04 1.942E-04 2.503E-04 2.656E-04 3.715E-04 4.285E-04 4.819E-04 5.107E-04 5.608E-04 5.775E-04 5.881E-04 5.730E-04 5.059E-04 4.377E-04 2.901E-04 2.050E-04
  1.300E+02  1.616E-04 2.284E-04 3.104E-04 3.056E-04 3.470E-04 4.107E-04 4.279E-04 6.127E-04 5.011E-04 5.429E-04 6.686E-04 6.340E-04 6.489E-04 7.396E-04 7.852E-04 1.060E-03 1.190E-03 1.198E-03 7.922E-04 1.368E-04 2.644E-04 7.850E-04 1.085E-03 1.118E-03 9.232E-04 5.739E-04 5.194E-04 3.971E-04 1.002E-04 2.500E-04 3.492E-04 2.748E-04 2.067E-04 1.835E-04 1.637E-04 1.512E-04 1.334E-04 1.222E-04 1.054E-04 8.861E-05 7.726E-05 4.706E-05 3.653E-05 3.715E-05 8.378E-05 1.171E-04 1.893E-04 2.441E-04 2.590E-04 3.635E-04 4.203E-04 4.742E-04 5.034E-04 5.560E-04 5.752E-04 5.878E-04 5.760E-04 5.107E-04 4.430E-04 2.947E-04 2.087E-04
  1.320E+02  1.492E-04 2.496E-04 3.309E-04 4.604E-04 5.314E-04 5.807E-04 6.428E-04 6.586E-04 6.931E-04 7.041E-04 7.940E-04 7.976E-04 7.615E-04 8.545E-04 9.248E-04 1.173E-03 1.312E-03 1.279E-03 8.095E-04 1.360E-04 2.624E-04 8.075E-04 1.124E-03 1.146E-03 9.359E-04 5.808E-04 5.336E-04 4.069E-04 9.873E-05 2.496E-04 3.500E-04 2.712E-04 2.030E-04 1.804E-04 1.613E-04 1.493E-04 1.323E-04 1.216E-04 1.053E-04 8.892E-05 7.769E-05 4.731E-05 3.644E-05 3.669E-05 8.206E-05 1.146E-04 1.849E-04 2.384E-04 2.530E-04 3.561E-04 4.129E-04 4.671E-04 4.968E-04 5.518E-04 5.735E-04 5.880E-04 5.792E-04 5.159E-04 4.484E-04 2.993E-04 2.125E-04
  1.340E+02  1.814E-04 2.667E-04 4.666E-04 5.777E-04 5.647E-04 6.685E-04 7.554E-04 8.215E-04 8.014E-04 8.383E-04 9.814E-04 9.517E-04 9.164E-04 1.005E-03 1.088E-03 1.271E-03 1.441E-03 1.365E-03 8.249E-04 1.353E-04 2.606E-04 8.311E-04 1.164E-03 1.173E-03 9.504E-04 5.938E-04 5.533E-04 4.179E-04 9.737E-05 2.492E-04 3.502E-04 2.676E-04 1.998E-04 1.779E-04 1.595E-04 1.481E-04 1.317E-04 1.214E-04 1.057E-04 8.952E-05 7.836E-05 4.769E-05 3.646E-05 3.633E-05 8.057E-05 1.123E-04 1.810E-04 2.332E-04 2.476E-04 3.494E-04 4.061E-04 4.607E-04 4.910E-04 5.483E-04 5.722E-04 5.886E-04 5.829E-04 5.212E-04 4.540E-04 3.041E-04 2.163E-04
  1.360E+02  2.291E-04 4.584E-04 6.862E-04 8.136E-04 9.442E-04 9.255E-04 1.059E-03 1.074E-03 1.154E-03 1.157E-03 1.153E-03 1.053E-03 1.128E-03 1.216E-03 1.262E-03 1.411E-03 1.561E-03 1.453E-03 8.380E-04 1.347E-04 2.590E-04 8.541E-04 1.201E-03 1.200E-03 9.700E-04 6.145E-04 5.780E-04 4.294E-04 9.604E-05 2.485E-04 3.494E-04 2.640E-04 1.972E-04 1.761E-04 1.585E-04 1.475E-04 1.317E-04 1.218E-04 1.064E-04 9.041E-05 7.926E-05 4.818E-05 3.657E-05 3.608E-05 7.929E-05 1.104E-04 1.775E-04 2.286E-04 2.427E-04 3.433E-04 3.999E-04 4.550E-04 4.857E-04 5.452E-04 5.714E-04 5.896E-04 5.867E-04 5.267E-04 4.597E-04 3.089E-04 2.201E-04
  1.380E+02  4.626E-04 8.351E-04 9.898E-04 1.253E-03 1.291E-03 1.326E-03 1.405E-03 1.292E-03 1.454E-03 1.466E-03 1.463E-03 1.295E-03 1.311E-03 1.316E-03 1.404E-03 1.612E-03 1.674E-03 1.538E-03 8.484E-04 1.342E-04 2.576E-04 8.764E-04 1.238E-03 1.231E-03 9.999E-04 6.441E-04 6.067E-04 4.402E-04 9.469E-05 2.470E-04 3.475E-04 2.605E-04 1.954E-04 1.751E-04 1.582E-04 1.476E-04 1.324E-04 1.226E-04 1.074E-04 9.157E-05 8.036E-05 4.876E-05 3.675E-05 3.590E-05 7.821E-05 1.087E-04 1.744E-04 2.244E-04 2.382E-04 3.377E-04 3.943E-04 4.498E-04 4.809E-04 5.427E-04 5.710E-04 5.909E-04 5.908E-04 5.323E-04 4.655E-04 3.137E-04 2.239E-04
  1.400E+02  8.548E-04 1.368E-03 1.669E-03 1.657E-03 1.523E-03 1.643E-03 1.634E-03 1.626E-03 1.720E-03 1.714E-03 1.763E-03 1.449E-03 1.467E-03 1.545E-03 1.548E-03 1.791E-03 1.798E-03 1.613E-03 8.561E-04 1.337E-04 2.570E-04 9.005E-04 1.278E-03 1.275E-03 1.047E-03 6.830E-04 6.377E-04 4.496E-04 9.331E-05 2.446E-04 3.444E-04 2.573E-04 1.944E-04 1.749E-04 1.587E-04 1.484E-04 1.336E-04 1.240E-04 1.089E-04 9.298E-05 8.166E-05 4.944E-05 3.701E-05 3.581E-05 7.729E-05 1.072E-04 1.716E-04 2.207E-04 2.343E-04 3.327E-04 3.893E-04 4.451E-04 4.767E-04 5.406E-04 5.709E-04 5.925E-04 5.950E-04 5.379E-04 4.713E-04 3.185E-04 2.277E-04
  1.420E+02  1.548E-03 2.143E-03 2.102E-03 2.012E-03 2.051E-03 1.787E-03 1.844E-03 2.045E-03 1.879E-03 1.860E-03 1.930E-03 1.659E-03 1.662E-03 1.806E-03 1.698E-03 1.881E-03 1.928E-03 1.671E-03 8.610E-04 1.333E-04 2.584E-04 9.333E-04 1.332E-03 1.342E-03 1.117E-03 7.300E-04 6.684E-04 4.564E-04 9.189E-05 2.412E-04 3.401E-04 2.546E-04 1.944E-04 1.757E-04 1.600E-04 1.500E-04 1.353E-04 1.258E-04 1.107E-04 9.464E-05 8.314E-05 5.019E-05 3.732E-05 3.578E-05 7.653E-05 1.060E-04 1.692E-04 2.173E-04 2.307E-04 3.281E-04 3.847E-04 4.409E-04 4.729E-04 5.388E-04 5.710E-04 5.942E-04 5.993E-04 5.436E-04 4.771E-04 3.232E-04 2.315E-04
  1.440E+02  2.619E-03 2.461E-03 2.322E-03 2.286E-03 2.141E-03 2.208E-03 2.067E-03 1.914E-03 2.108E-03 2.074E-03 1.980E-03 1.864E-03 1.837E-03 1.843E-03 1.848E-03 1.933E-03 2.030E-03 1.718E-03 8.621E-04 1.330E-04 2.633E-04 9.866E-04 1.416E-03 1.446E-03 1.215E-03 7.820E-04 6.959E-04 4.601E-04 9.044E-05 2.366E-04 3.348E-04 2.527E-04 1.955E-04 1.775E-04 1.622E-04 1.523E-04 1.377E-04 1.282E-04 1.129E-04 9.651E-05 8.478E-05 5.100E-05 3.768E-05 3.581E-05 7.591E-05 1.049E-04 1.672E-04 2.144E-04 2.276E-04 3.240E-04 3.806E-04 4.371E-04 4.696E-04 5.374E-04 5.714E-04 5.962E-04 6.037E-04 5.493E-04 4.828E-04 3.279E-04 2.352E-04
  1.460E+02  2.779E-03 2.364E-03 2.108E-03 1.989E-03 1.779E-03 2.016E-03 1.932E-03 1.961E-03 1.856E-03 1.893E-03 1.963E-03 1.753E-03 1.791E-03 1.849E-03 1.984E-03 2.029E-03 2.077E-03 1.759E-03 8.566E-04 1.328E-04 2.735E-04 1.075E-03 1.552E-03 1.597E-03 1.342E-03 8.345E-04 7.172E-04 4.602E-04 8.900E-05 2.309E-04 3.290E-04 2.520E-04 1.977E-04 1.803E-04 1.652E-04 1.554E-04 1.406E-04 1.309E-04 1.153E-04 9.859E-05 8.656E-05 5.186E-05 3.807E-05 3.588E-05 7.541E-05 1.041E-04 1.654E-04 2.119E-04 2.249E-04 3.204E-04 3.769E-04 4.338E-04 4.667E-04 5.363E-04 5.720E-04 5.982E-04 6.080E-04 5.548E-04 4.884E-04 3.325E-04 2.388E-04
  1.480E+02  2.224E-03 1.644E-03 1.620E-03 1.490E-03 1.653E-03 1.671E-03 1.544E-03 1.668E-03 1.811E-03 1.865E-03 1.767E-03 1.733E-03 1.731E-03 1.960E-03 1.990E-03 2.141E-03 2.074E-03 1.793E-03 8.405E-04 1.327E-04 2.903E-04 1.214E-03 1.755E-03 1.799E-03 1.489E-03 8.813E-04 7.296E-04 4.567E-04 8.761E-05 2.245E-04 3.232E-04 2.526E-04 2.012E-04 1.842E-04 1.691E-04 1.592E-04 1.441E-04 1.341E-04 1.181E-04 1.008E-04 8.846E-05 5.275E-05 3.850E-05 3.600E-05 7.502E-05 1.034E-04 1.638E-04 2.096E-04 2.224E-04 3.171E-04 3.736E-04 4.308E-04 4.641E-04 5.354E-04 5.728E-04 6.004E-04 6.123E-04 5.603E-04 4.938E-04 3.370E-04 2.423E-04
  1.500E+02  1.362E-03 1.191E-03 1.161E-03 1.201E-03 1.289E-03 1.305E-03 1.379E-03 1.443E-03 1.538E-03 1.598E-03 1.511E-03 1.667E-03 1.691E-03 1.714E-03 1.867E-03 2.170E-03 2.052E-03 1.811E-03 8.109E-04 1.327E-04 3.138E-04 1.409E-03 2.032E-03 2.041E-03 1.643E-03 9.160E-04 7.313E-04 4.503E-04 8.635E-05 2.174E-04 3.179E-04 2.549E-04 2.060E-04 1.891E-04 1.738E-04 1.636E-04 1.480E-04 1.377E-04 1.210E-04 1.032E-04 9.045E-05 5.368E-05 3.895E-05 3.614E-05 7.472E-05 1.028E-04 1.625E-04 2.077E-04 2.203E-04 3.142E-04 3.707E-04 4.282E-04 4.618E-04 5.348E-04 5.737E-04 6.025E-04 6.165E-04 5.655E-04 4.991E-04 3.413E-04 2.457E-04
  1.520E+02  1.374E-03 1.175E-03 1.134E-03 1.200E-03 1.159E-03 1.178E-03 1.161E-03 1.094E-03 1.463E-03 1.543E-03 1.387E-03 1.202E-03 1.481E-03 1.471E-03 1.748E-03 2.088E-03 2.036E-03 1.800E-03 7.726E-04 1.328E-04 3.422E-04 1.651E-03 2.365E-03 2.297E-03 1.781E-03 9.325E-04 7.216E-04 4.419E-04 8.529E-05 2.102E-04 3.140E-04 2.591E-04 2.120E-04 1.950E-04 1.793E-04 1.686E-04 1.524E-04 1.416E-04 1.242E-04 1.057E-04 9.250E-05 5.461E-05 3.941E-05 3.632E-05 7.451E-05 1.024E-04 1.615E-04 2.060E-04 2.185E-04 3.116E-04 3.681E-04 4.259E-04 4.598E-04 5.343E-04 5.746E-04 6.047E-04 6.207E-04 5.706E-04 5.042E-04 3.454E-04 2.490E-04
  1.540E+02  1.404E-03 1.438E-03 1.296E-03 1.244E-03 1.087E-03 1.201E-03 1.170E-03 1.136E-03 1.193E-03 1.220E-03 1.242E-03 1.255E-03 1.283E-03 1.530E-03 1.658E-03 1.975E-03 2.027E-03 1.749E-03 7.436E-04 1.328E-04 3.711E-04 1.912E-03 2.713E-03 2.527E-03 1.880E-03 9.268E-04 7.016E-04 4.330E-04 8.451E-05 2.033E-04 3.119E-04 2.652E-04 2.192E-04 2.017E-04 1.853E-04 1.741E-04 1.570E-04 1.457E-04 1.275E-04 1.083E-04 9.460E-05 5.554E-05 3.987E-05 3.650E-05 7.437E-05 1.020E-04 1.606E-04 2.046E-04 2.170E-04 3.094E-04 3.658E-04 4.238E-04 4.581E-04 5.340E-04 5.756E-04 6.068E-04 6.246E-04 5.755E-04 5.091E-04 3.493E-04 2.521E-04
  1.560E+02  1.483E-03 1.205E-03 1.237E-03 1.200E-03 1.153E-03 1.345E-03 1.157E-03 1.198E-03 1.109E-03 1.125E-03 1.190E-03 1.220E-03 1.300E-03 1.373E-03 1.602E-03 1.899E-03 2.000E-03 1.654E-03 7.552E-04 1.329E-04 3.944E-04 2.144E-03 3.010E-03 2.681E-03 1.916E-03 8.982E-04 6.740E-04 4.255E-04 8.407E-05 1.973E-04 3.124E-04 2.733E-04 2.275E-04 2.093E-04 1.920E-04 1.801E-04 1.620E-04 1.500E-04 1.309E-04 1.109E-04 9.670E-05 5.646E-05 4.034E-05 3.671E-05 7.429E-05 1.018E-04 1.599E-04 2.034E-04 2.157E-04 3.075E-04 3.638E-04 4.221E-04 4.566E-04 5.338E-04 5.766E-04 6.089E-04 6.284E-04 5.802E-04 5.137E-04 3.530E-04 2.550E-04
  1.580E+02  1.435E-03 1.123E-03 1.206E-03 1.144E-03 1.141E-03 1.218E-03 1.117E-03 1.339E-03 1.356E-03 1.414E-03 1.251E-03 1.193E-03 1.249E-03 1.286E-03 1.617E-03 1.844E-03 1.919E-03 1.554E-03 8.386E-04 1.328E-04 4.054E-04 2.290E-03 3.182E-03 2.718E-03 1.875E-03 8.493E-04 6.428E-04 4.210E-04 8.401E-05 1.924E-04 3.158E-04 2.834E-04 2.366E-04 2.174E-04 1.990E-04 1.863E-04 1.671E-04 1.544E-04 1.343E-04 1.134E-04 9.878E-05 5.736E-05 4.079E-05 3.691E-05 7.425E-05 1.016E-04 1.593E-04 2.024E-04 2.146E-04 3.058E-04 3.621E-04 4.206E-04 4.554E-04 5.337E-04 5.777E-04 6.109E-04 6.320E-04 5.845E-04 5.181E-04 3.565E-04 2.578E-04
  1.600E+02  1.238E-03 1.243E-03 1.207E-03 1.186E-03 1.154E-03 1.106E-03 1.100E-03 1.307E-03 1.457E-03 1.484E-03 1.363E-03 1.268E-03 1.266E-03 1.436E-03 1.700E-03 1.788E-03 1.809E-03 1.573E-03 1.000E-03 1.326E-04 3.993E-04 2.302E-03 3.170E-03 2.614E-03 1.756E-03 7.868E-04 6.128E-04 4.212E-04 8.438E-05 1.890E-04 3.223E-04 2.952E-04 2.465E-04 2.260E-04 2.062E-04 1.927E-04 1.722E-04 1.588E-04 1.377E-04 1.160E-04 1.008E-04 5.823E-05 4.123E-05 3.712E-05 7.426E-05 1.015E-04 1.588E-04 2.016E-04 2.136E-04 3.043E-04 3.606E-04 4.193E-04 4.543E-04 5.337E-04 5.787E-04 6.129E-04 6.353E-04 5.886E-04 5.221E-04 3.598E-04 2.604E-04
  1.620E+02  1.264E-03 1.153E-03 1.139E-03 1.100E-03 1.184E-03 1.181E-03 1.119E-03 1.264E-03 1.437E-03 1.480E-03 1.352E-03 1.345E-03 1.400E-03 1.576E-03 1.832E-03 1.775E-03 1.859E-03 1.888E-03 1.201E-03 1.322E-04 3.756E-04 2.159E-03 2.952E-03 2.375E-03 1.576E-03 7.200E-04 5.889E-04 4.273E-04 8.516E-05 1.874E-04 3.318E-04 3.083E-04 2.568E-04 2.348E-04 2.136E-04 1.991E-04 1.773E-04 1.631E-04 1.410E-04 1.184E-04 1.027E-04 5.904E-05 4.165E-05 3.732E-05 7.429E-05 1.015E-04 1.585E-04 2.009E-04 2.129E-04 3.031E-04 3.593E-04 4.182E-04 4.534E-04 5.338E-04 5.797E-04 6.146E-04 6.384E-04 5.923E-04 5.258E-04 3.628E-04 2.627E-04
  1.640E+02  1.354E-03 1.074E-03 1.213E-03 1.260E-03 1.224E-03 1.190E-03 1.172E-03 1.324E-03 1.480E-03 1.570E-03 1.479E-03 1.438E-03 1.451E-03 1.697E-03 1.936E-03 1.983E-03 2.378E-03 2.564E-03 1.355E-03 1.317E-04 3.386E-04 1.883E-03 2.561E-03 2.041E-03 1.364E-03 6.590E-04 5.754E-04 4.397E-04 8.632E-05 1.875E-04 3.440E-04 3.224E-04 2.672E-04 2.435E-04 2.208E-04 2.054E-04 1.822E-04 1.673E-04 1.442E-04 1.208E-04 1.046E-04 5.981E-05 4.204E-05 3.752E-05 7.434E-05 1.014E-04 1.583E-04 2.004E-04 2.123E-04 3.020E-04 3.582E-04 4.172E-04 4.527E-04 5.339E-04 5.806E-04 6.163E-04 6.412E-04 5.957E-04 5.292E-04 3.655E-04 2.649E-04
  1.660E+02  1.234E-03 1.150E-03 1.196E-03 1.195E-03 1.235E-03 1.382E-03 1.295E-03 1.195E-03 1.491E-03 1.520E-03 1.359E-03 1.450E-03 1.695E-03 1.886E-03 2.083E-03 2.751E-03 3.463E-03 3.353E-03 1.376E-03 1.312E-04 2.976E-04 1.538E-03 2.082E-03 1.678E-03 1.160E-03 6.131E-04 5.748E-04 4.582E-04 8.778E-05 1.893E-04 3.583E-04 3.369E-04 2.774E-04 2.520E-04 2.277E-04 2.113E-04 1.869E-04 1.713E-04 1.472E-04 1.229E-04 1.063E-04 6.050E-05 4.239E-05 3.770E-05 7.440E-05 1.015E-04 1.581E-04 2.000E-04 2.118E-04 3.012E-04 3.573E-04 4.164E-04 4.520E-04 5.340E-04 5.814E-04 6.178E-04 6.437E-04 5.988E-04 5.322E-04 3.679E-04 2.668E-04
  1.680E+02  1.241E-03 1.226E-03 1.259E-03 1.300E-03 1.092E-03 1.415E-03 1.398E-03 1.380E-03 1.650E-03 1.729E-03 1.493E-03 1.439E-03 1.793E-03 1.930E-03 2.786E-03 4.126E-03 4.598E-03 3.750E-03 1.229E-03 1.307E-04 2.641E-04 1.210E-03 1.628E-03 1.359E-03 9.969E-04 5.883E-04 5.874E-04 4.815E-04 8.944E-05 1.924E-04 3.738E-04 3.512E-04 2.871E-04 2.600E-04 2.342E-04 2.169E-04 1.912E-04 1.749E-04 1.499E-04 1.249E-04 1.078E-04 6.113E-05 4.271E-05 3.786E-05 7.447E-05 1.015E-04 1.580E-04 1.996E-04 2.114E-04 3.004E-04 3.566E-04 4.158E-04 4.515E-04 5.342E-04 5.822E-04 6.191E-04 6.459E-04 6.014E-04 5.348E-04 3.700E-04 2.684E-04
  1.700E+02  1.258E-03 1.296E-03 1.321E-03 1.282E-03 1.407E-03 1.529E-03 1.450E-03 1.536E-03 1.847E-03 1.951E-03 1.709E-03 1.653E-03 1.868E-03 2.403E-03 4.223E-03 5.166E-03 4.861E-03 3.412E-03 9.730E-04 1.305E-04 2.476E-04 9.830E-04 1.305E-03 1.144E-03 9.003E-04 5.863E-04 6.114E-04 5.078E-04 9.117E-05 1.964E-04 3.896E-04 3.647E-04 2.960E-04 2.672E-04 2.400E-04 2.218E-04 1.951E-04 1.781E-04 1.523E-04 1.266E-04 1.091E-04 6.167E-05 4.299E-05 3.801E-05 7.454E-05 1.015E-04 1.579E-04 1.994E-04 2.111E-04 2.999E-04 3.560E-04 4.153E-04 4.511E-04 5.343E-04 5.829E-04 6.202E-04 6.478E-04 6.037E-04 5.371E-04 3.718E-04 2.699E-04
  1.720E+02  1.402E-03 1.338E-03 1.636E-03 1.539E-03 1.365E-03 1.757E-03 1.503E-03 1.797E-03 1.837E-03 1.889E-03 1.887E-03 2.186E-03 2.877E-03 3.818E-03 4.996E-03 4.670E-03 3.952E-03 2.607E-03 7.358E-04 1.304E-04 2.522E-04 9.045E-04 1.170E-03 1.057E-03 8.750E-04 6.036E-04 6.427E-04 5.347E-04 9.284E-05 2.007E-04 4.045E-04 3.767E-04 3.038E-04 2.735E-04 2.450E-04 2.261E-04 1.983E-04 1.808E-04 1.543E-04 1.280E-04 1.103E-04 6.212E-05 4.322E-05 3.813E-05 7.461E-05 1.016E-04 1.578E-04 1.992E-04 2.109E-04 2.994E-04 3.555E-04 4.149E-04 4.508E-04 5.345E-04 5.834E-04 6.212E-04 6.494E-04 6.056E-04 5.390E-04 3.733E-04 2.710E-04
  1.740E+02  1.805E-03 1.557E-03 1.930E-03 2.070E-03 1.650E-03 1.881E-03 2.021E-03 2.311E-03 3.224E-03 3.833E-03 3.431E-03 3.785E-03 4.105E-03 4.172E-03 3.838E-03 3.286E-03 2.908E-03 2.102E-03 6.317E-04 1.305E-04 2.746E-04 9.658E-04 1.214E-03 1.083E-03 9.064E-04 6.327E-04 6.758E-04 5.593E-04 9.432E-05 2.048E-04 4.174E-04 3.868E-04 3.101E-04 2.786E-04 2.490E-04 2.295E-04 2.010E-04 1.830E-04 1.559E-04 1.292E-04 1.112E-04 6.248E-05 4.341E-05 3.823E-05 7.466E-05 1.016E-04 1.578E-04 1.990E-04 2.107E-04 2.991E-04 3.551E-04 4.146E-04 4.506E-04 5.346E-04 5.839E-04 6.219E-04 6.506E-04 6.071E-04 5.404E-04 3.745E-04 2.720E-04
  1.760E+02  2.456E-03 1.941E-03 2.217E-03 2.445E-03 3.265E-03 4.246E-03 3.795E-03 4.496E-03 4.991E-03 4.900E-03 3.891E-03 3.385E-03 3.138E-03 2.824E-03 2.921E-03 3.402E-03 3.103E-03 2.431E-03 6.811E-04 1.307E-04 3.049E-04 1.107E-03 1.364E-03 1.173E-03 9.655E-04 6.638E-04 7.050E-04 5.792E-04 9.547E-05 2.082E-04 4.275E-04 3.944E-04 3.148E-04 2.824E-04 2.520E-04 2.320E-04 2.029E-04 1.846E-04 1.571E-04 1.300E-04 1.118E-04 6.274E-05 4.354E-05 3.830E-05 7.470E-05 1.016E-04 1.578E-04 1.990E-04 2.106E-04 2.988E-04 3.549E-04 4.144E-04 4.504E-04 5.347E-04 5.842E-04 6.225E-04 6.515E-04 6.081E-04 5.415E-04 3.753E-04 2.726E-04
  1.780E+02  6.548E-03 5.334E-03 5.305E-03 4.339E-03 3.079E-03 3.002E-03 2.412E-03 2.939E-03 2.827E-03 2.814E-03 2.685E-03 2.499E-03 2.830E-03 4.071E-03 4.676E-03 5.546E-03 4.423E-03 3.263E-03 7.965E-04 1.309E-04 3.302E-04 1.242E-03 1.514E-03 1.263E-03 1.019E-03 6.871E-04 7.250E-04 5.920E-04 9.620E-05 2.104E-04 4.338E-04 3.991E-04 3.177E-04 2.847E-04 2.538E-04 2.336E-04 2.041E-04 1.855E-04 1.578E-04 1.305E-04 1.122E-04 6.290E-05 4.362E-05 3.834E-05 7.473E-05 1.017E-04 1.578E-04 1.989E-04 2.105E-04 2.987E-04 3.547E-04 4.142E-04 4.503E-04 5.347E-04 5.844E-04 6.228E-04 6.520E-04 6.088E-04 5.421E-04 3.758E-04 2.730E-04
  1.800E+02  6.274E-03 5.259E-03 5.565E-03 4.825E-03 4.010E-03 5.005E-03 4.570E-03 5.659E-03 5.497E-03 5.308E-03 4.525E-03 4.408E-03 4.143E-03 6.178E-03 6.271E-03 6.929E-03 5.206E-03 3.700E-03 8.540E-04 1.309E-04 3.401E-04 1.297E-03 1.576E-03 1.300E-03 1.040E-03 6.958E-04 7.321E-04 5.965E-04 9.645E-05 2.112E-04 4.360E-04 4.007E-04 3.187E-04 2.855E-04 2.544E-04 2.341E-04 2.045E-04 1.859E-04 1.580E-04 1.307E-04 1.123E-04 6.295E-05 4.365E-05 3.836E-05 7.474E-05 1.017E-04 1.578E-04 1.989E-04 2.105E-04 2.987E-04 3.547E-04 4.142E-04 4.503E-04 5.347E-04 5.845E-04 6.229E-04 6.522E-04 6.090E-04 5.423E-04 3.760E-04 2.731E-04
