# cumulus (marit.)    
#
# size distribution: gamma    
# ------------------
#
#   minimum radius, [um]:      2.000E-02
#   maximum radius, [um]:      5.000E+01
#                      A:      5.670E-05
#                  ALPHA:      4.000E+00
#                      B:      7.130E-03
#                  Gamma:      2.340E+00
#
# optical parameters:
# -------------------
#
# wavelength ext.coef  sca.coef  abs.coef  si.sc.alb  asym.par  ext.nor    ref.real  ref.imag
#     [um]     [1/km]    [1/km]    [1/km]
#
#  2.500E-01 8.153E-01 8.153E-01 1.594E-05 1.000E+00 0.863E+00 9.823E-01  1.362E+00 -3.350E-08
#  3.000E-01 8.193E-01 8.193E-01 6.153E-06 1.000E+00 0.868E+00 9.872E-01  1.349E+00 -1.600E-08
#  3.500E-01 8.215E-01 8.215E-01 2.203E-06 1.000E+00 0.878E+00 9.898E-01  1.343E+00 -6.500E-09
#  4.000E-01 8.230E-01 8.230E-01 5.887E-07 1.000E+00 0.859E+00 9.916E-01  1.339E+00 -1.860E-09
#  4.500E-01 8.252E-01 8.252E-01 1.967E-07 1.000E+00 0.861E+00 9.943E-01  1.337E+00 -1.020E-09
#  5.000E-01 8.264E-01 8.264E-01 3.941E-07 1.000E+00 0.872E+00 9.957E-01  1.335E+00 -1.000E-09
#  5.500E-01 8.300E-01 8.300E-01 3.463E-07 1.000E+00 0.868E+00 1.000E+00  1.333E+00 -1.960E-09
#  6.000E-01 8.317E-01 8.317E-01 2.330E-06 1.000E+00 0.867E+00 1.002E+00  1.332E+00 -1.090E-08
#  6.500E-01 8.317E-01 8.317E-01 2.875E-06 1.000E+00 0.868E+00 1.002E+00  1.331E+00 -1.640E-08
#  7.000E-01 8.333E-01 8.333E-01 5.961E-06 1.000E+00 0.867E+00 1.004E+00  1.331E+00 -3.350E-08
#  7.500E-01 8.357E-01 8.357E-01 2.575E-05 1.000E+00 0.868E+00 1.007E+00  1.330E+00 -1.560E-07
#  8.000E-01 8.385E-01 8.385E-01 1.929E-05 1.000E+00 0.869E+00 1.010E+00  1.329E+00 -1.250E-07
#  9.000E-01 8.402E-01 8.401E-01 6.806E-05 9.999E-01 0.869E+00 1.012E+00  1.328E+00 -4.860E-07
#  1.000E+00 8.455E-01 8.451E-01 3.586E-04 9.996E-01 0.870E+00 1.019E+00  1.327E+00 -2.890E-06
#  1.250E+00 8.528E-01 8.519E-01 9.049E-04 9.989E-01 0.867E+00 1.027E+00  1.323E+00 -8.700E-06
#  1.500E+00 8.569E-01 8.404E-01 1.654E-02 9.807E-01 0.866E+00 1.032E+00  1.321E+00 -2.000E-04
#  1.750E+00 8.676E-01 8.600E-01 7.660E-03 9.912E-01 0.857E+00 1.045E+00  1.313E+00 -1.000E-04
#  2.000E+00 8.702E-01 8.071E-01 6.315E-02 9.274E-01 0.867E+00 1.049E+00  1.306E+00 -1.100E-03
#  2.500E+00 8.879E-01 8.085E-01 7.946E-02 9.105E-01 0.874E+00 1.070E+00  1.261E+00 -1.740E-03
#  3.000E+00 8.785E-01 4.545E-01 4.240E-01 5.173E-01 0.952E+00 1.058E+00  1.371E+00 -2.720E-01
#  3.200E+00 8.928E-01 4.603E-01 4.325E-01 5.155E-01 0.951E+00 1.076E+00  1.478E+00 -9.240E-02
#  3.390E+00 9.009E-01 5.297E-01 3.712E-01 5.879E-01 0.919E+00 1.085E+00  1.423E+00 -2.314E-02
#  3.500E+00 9.049E-01 6.652E-01 2.397E-01 7.351E-01 0.870E+00 1.090E+00  1.400E+00 -9.400E-03
#  3.750E+00 9.111E-01 8.000E-01 1.111E-01 8.780E-01 0.834E+00 1.098E+00  1.369E+00 -3.500E-03
#  4.000E+00 9.178E-01 7.853E-01 1.324E-01 8.557E-01 0.839E+00 1.106E+00  1.351E+00 -4.600E-03
#  4.500E+00 9.286E-01 6.649E-01 2.637E-01 7.160E-01 0.867E+00 1.119E+00  1.332E+00 -1.340E-02
#  5.000E+00 9.362E-01 6.989E-01 2.373E-01 7.465E-01 0.847E+00 1.128E+00  1.325E+00 -1.240E-02
#  5.500E+00 9.377E-01 7.268E-01 2.109E-01 7.751E-01 0.834E+00 1.130E+00  1.298E+00 -1.160E-02
#  6.000E+00 9.462E-01 4.766E-01 4.695E-01 5.038E-01 0.948E+00 1.140E+00  1.265E+00 -1.070E-01
#  6.200E+00 9.474E-01 4.754E-01 4.721E-01 5.018E-01 0.928E+00 1.142E+00  1.363E+00 -8.800E-02
#  6.500E+00 9.583E-01 5.671E-01 3.912E-01 5.917E-01 0.876E+00 1.155E+00  1.339E+00 -3.920E-02
#  7.200E+00 9.996E-01 6.589E-01 3.408E-01 6.591E-01 0.864E+00 1.204E+00  1.312E+00 -3.210E-02
#  7.900E+00 1.069E+00 7.379E-01 3.307E-01 6.905E-01 0.879E+00 1.288E+00  1.294E+00 -3.390E-02
#  8.200E+00 1.100E+00 7.714E-01 3.283E-01 7.015E-01 0.887E+00 1.325E+00  1.286E+00 -3.510E-02
#  8.500E+00 1.126E+00 7.985E-01 3.275E-01 7.092E-01 0.895E+00 1.357E+00  1.278E+00 -3.670E-02
#  8.700E+00 1.140E+00 8.128E-01 3.272E-01 7.130E-01 0.901E+00 1.374E+00  1.272E+00 -3.790E-02
#  9.000E+00 1.153E+00 8.258E-01 3.271E-01 7.163E-01 0.908E+00 1.389E+00  1.262E+00 -3.990E-02
#  9.200E+00 1.154E+00 8.262E-01 3.277E-01 7.160E-01 0.913E+00 1.390E+00  1.255E+00 -4.150E-02
#  9.500E+00 1.141E+00 8.118E-01 3.297E-01 7.112E-01 0.920E+00 1.375E+00  1.243E+00 -4.440E-02
#  9.800E+00 1.109E+00 7.765E-01 3.324E-01 7.003E-01 0.926E+00 1.336E+00  1.229E+00 -4.790E-02
#  1.000E+01 1.073E+00 7.381E-01 3.349E-01 6.879E-01 0.930E+00 1.293E+00  1.218E+00 -5.080E-02
#  1.060E+01 9.012E-01 5.448E-01 3.565E-01 6.045E-01 0.939E+00 1.086E+00  1.179E+00 -6.740E-02
#  1.100E+01 7.922E-01 3.991E-01 3.930E-01 5.038E-01 0.941E+00 9.545E-01  1.153E+00 -9.680E-02
#  1.150E+01 7.381E-01 3.154E-01 4.227E-01 4.273E-01 0.938E+00 8.893E-01  1.126E+00 -1.420E-01
#  1.250E+01 7.976E-01 3.343E-01 4.633E-01 4.191E-01 0.920E+00 9.610E-01  1.123E+00 -2.590E-01
#  1.300E+01 8.334E-01 3.569E-01 4.764E-01 4.283E-01 0.911E+00 1.004E+00  1.146E+00 -3.050E-01
#  1.400E+01 8.887E-01 3.916E-01 4.971E-01 4.407E-01 0.895E+00 1.071E+00  1.210E+00 -3.700E-01
#  1.480E+01 9.171E-01 4.083E-01 5.088E-01 4.452E-01 0.885E+00 1.105E+00  1.258E+00 -3.960E-01
#  1.500E+01 9.237E-01 4.122E-01 5.115E-01 4.462E-01 0.883E+00 1.113E+00  1.270E+00 -4.020E-01
#  1.640E+01 9.612E-01 4.334E-01 5.278E-01 4.509E-01 0.867E+00 1.158E+00  1.346E+00 -4.270E-01
#  1.720E+01 9.795E-01 4.438E-01 5.357E-01 4.531E-01 0.860E+00 1.180E+00  1.386E+00 -4.290E-01
#  1.800E+01 9.966E-01 4.538E-01 5.428E-01 4.554E-01 0.852E+00 1.201E+00  1.423E+00 -4.260E-01
#  1.850E+01 1.006E+00 4.596E-01 5.466E-01 4.568E-01 0.848E+00 1.212E+00  1.443E+00 -4.210E-01
#  2.000E+01 1.028E+00 4.740E-01 5.539E-01 4.611E-01 0.837E+00 1.238E+00  1.480E+00 -3.930E-01
#  2.130E+01 1.035E+00 4.791E-01 5.564E-01 4.627E-01 0.828E+00 1.248E+00  1.491E+00 -3.790E-01
#  2.250E+01 1.044E+00 4.854E-01 5.584E-01 4.650E-01 0.819E+00 1.258E+00  1.506E+00 -3.700E-01
#  2.500E+01 1.054E+00 4.949E-01 5.593E-01 4.695E-01 0.798E+00 1.270E+00  1.531E+00 -3.560E-01
#  2.790E+01 1.053E+00 4.995E-01 5.535E-01 4.744E-01 0.775E+00 1.269E+00  1.549E+00 -3.390E-01
#  3.000E+01 1.037E+00 4.929E-01 5.443E-01 4.752E-01 0.759E+00 1.250E+00  1.551E+00 -3.280E-01
#  3.500E+01 9.579E-01 4.328E-01 5.250E-01 4.519E-01 0.719E+00 1.154E+00  1.532E+00 -3.360E-01
#  4.000E+01 8.926E-01 3.681E-01 5.246E-01 4.124E-01 0.672E+00 1.075E+00  1.519E+00 -3.850E-01
#
# volume phase function [1/km]:
# -----------------------------
#
# sca.ang. | wavelengths --->
# ---------|------------------
#          | 2.500E-01 3.000E-01 3.500E-01 4.000E-01 4.500E-01 5.000E-01 5.500E-01 6.000E-01 6.500E-01 7.000E-01 7.500E-01 8.000E-01 9.000E-01 1.000E+00 1.250E+00 1.500E+00 1.750E+00 2.000E+00 2.500E+00 3.000E+00 3.200E+00 3.390E+00 3.500E+00 3.750E+00 4.000E+00 4.500E+00 5.000E+00 5.500E+00 6.000E+00 6.200E+00 6.500E+00 7.200E+00 7.900E+00 8.200E+00 8.500E+00 8.700E+00 9.000E+00 9.200E+00 9.500E+00 9.800E+00 1.000E+01 1.060E+01 1.100E+01 1.150E+01 1.250E+01 1.300E+01 1.400E+01 1.480E+01 1.500E+01 1.640E+01 1.720E+01 1.800E+01 1.850E+01 2.000E+01 2.130E+01 2.250E+01 2.500E+01 2.790E+01 3.000E+01 3.500E+01 4.000E+01
#
  0.000E+00  3.562E+03 2.499E+03 1.847E+03 1.418E+03 1.126E+03 9.152E+02 7.626E+02 6.435E+02 5.486E+02 4.747E+02 4.155E+02 3.680E+02 2.916E+02 2.389E+02 1.558E+02 1.096E+02 8.232E+01 6.357E+01 4.241E+01 2.863E+01 2.588E+01 2.346E+01 2.226E+01 1.988E+01 1.770E+01 1.426E+01 1.189E+01 9.894E+00 8.051E+00 7.652E+00 7.104E+00 6.013E+00 5.614E+00 5.562E+00 5.513E+00 5.475E+00 5.384E+00 5.279E+00 5.044E+00 4.696E+00 4.386E+00 3.064E+00 2.150E+00 1.583E+00 1.445E+00 1.440E+00 1.389E+00 1.314E+00 1.295E+00 1.164E+00 1.096E+00 1.033E+00 9.967E-01 8.937E-01 8.074E-01 7.419E-01 6.280E-01 5.237E-01 4.568E-01 3.122E-01 2.152E-01
  1.000E-01  3.209E+03 2.324E+03 1.751E+03 1.362E+03 1.090E+03 8.915E+02 7.462E+02 6.318E+02 5.401E+02 4.683E+02 4.107E+02 3.642E+02 2.892E+02 2.373E+02 1.551E+02 1.093E+02 8.214E+01 6.346E+01 4.236E+01 2.860E+01 2.586E+01 2.345E+01 2.225E+01 1.987E+01 1.769E+01 1.425E+01 1.189E+01 9.891E+00 8.049E+00 7.650E+00 7.103E+00 6.012E+00 5.613E+00 5.561E+00 5.513E+00 5.475E+00 5.383E+00 5.279E+00 5.044E+00 4.696E+00 4.386E+00 3.064E+00 2.150E+00 1.583E+00 1.445E+00 1.440E+00 1.389E+00 1.314E+00 1.295E+00 1.164E+00 1.096E+00 1.033E+00 9.967E-01 8.937E-01 8.073E-01 7.419E-01 6.280E-01 5.237E-01 4.568E-01 3.122E-01 2.152E-01
  2.000E-01  2.346E+03 1.870E+03 1.492E+03 1.204E+03 9.894E+02 8.239E+02 6.990E+02 5.980E+02 5.154E+02 4.497E+02 3.965E+02 3.531E+02 2.822E+02 2.326E+02 1.531E+02 1.083E+02 8.159E+01 6.314E+01 4.222E+01 2.854E+01 2.581E+01 2.340E+01 2.221E+01 1.984E+01 1.767E+01 1.424E+01 1.188E+01 9.884E+00 8.045E+00 7.646E+00 7.099E+00 6.009E+00 5.611E+00 5.559E+00 5.511E+00 5.473E+00 5.382E+00 5.277E+00 5.042E+00 4.695E+00 4.385E+00 3.063E+00 2.150E+00 1.583E+00 1.445E+00 1.440E+00 1.388E+00 1.314E+00 1.295E+00 1.164E+00 1.096E+00 1.033E+00 9.966E-01 8.936E-01 8.073E-01 7.418E-01 6.280E-01 5.237E-01 4.568E-01 3.122E-01 2.152E-01
  3.000E-01  1.392E+03 1.301E+03 1.142E+03 9.812E+02 8.414E+02 7.225E+02 6.269E+02 5.456E+02 4.766E+02 4.204E+02 3.738E+02 3.352E+02 2.709E+02 2.250E+02 1.499E+02 1.067E+02 8.070E+01 6.261E+01 4.199E+01 2.843E+01 2.572E+01 2.333E+01 2.215E+01 1.979E+01 1.763E+01 1.421E+01 1.186E+01 9.872E+00 8.037E+00 7.639E+00 7.093E+00 6.005E+00 5.608E+00 5.556E+00 5.508E+00 5.471E+00 5.380E+00 5.275E+00 5.040E+00 4.693E+00 4.384E+00 3.062E+00 2.149E+00 1.583E+00 1.444E+00 1.439E+00 1.388E+00 1.314E+00 1.295E+00 1.164E+00 1.095E+00 1.033E+00 9.965E-01 8.935E-01 8.072E-01 7.418E-01 6.280E-01 5.237E-01 4.568E-01 3.122E-01 2.152E-01
  4.000E-01  6.794E+02 7.856E+02 7.860E+02 7.367E+02 6.706E+02 6.010E+02 5.382E+02 4.798E+02 4.272E+02 3.825E+02 3.443E+02 3.117E+02 2.558E+02 2.148E+02 1.454E+02 1.045E+02 7.945E+01 6.186E+01 4.167E+01 2.828E+01 2.559E+01 2.323E+01 2.206E+01 1.972E+01 1.758E+01 1.418E+01 1.183E+01 9.856E+00 8.025E+00 7.628E+00 7.084E+00 5.999E+00 5.603E+00 5.552E+00 5.504E+00 5.467E+00 5.376E+00 5.272E+00 5.038E+00 4.691E+00 4.382E+00 3.061E+00 2.148E+00 1.582E+00 1.444E+00 1.439E+00 1.388E+00 1.313E+00 1.295E+00 1.163E+00 1.095E+00 1.033E+00 9.963E-01 8.934E-01 8.071E-01 7.417E-01 6.279E-01 5.236E-01 4.567E-01 3.121E-01 2.152E-01
  5.000E-01  2.889E+02 4.169E+02 4.883E+02 5.104E+02 5.012E+02 4.744E+02 4.423E+02 4.068E+02 3.710E+02 3.387E+02 3.097E+02 2.839E+02 2.376E+02 2.023E+02 1.399E+02 1.017E+02 7.788E+01 6.092E+01 4.126E+01 2.808E+01 2.544E+01 2.310E+01 2.195E+01 1.964E+01 1.751E+01 1.413E+01 1.180E+01 9.834E+00 8.011E+00 7.615E+00 7.073E+00 5.991E+00 5.597E+00 5.547E+00 5.499E+00 5.463E+00 5.372E+00 5.268E+00 5.034E+00 4.688E+00 4.379E+00 3.059E+00 2.147E+00 1.581E+00 1.443E+00 1.438E+00 1.387E+00 1.313E+00 1.294E+00 1.163E+00 1.095E+00 1.033E+00 9.961E-01 8.932E-01 8.070E-01 7.416E-01 6.278E-01 5.236E-01 4.567E-01 3.121E-01 2.152E-01
  6.000E-01  1.269E+02 2.031E+02 2.774E+02 3.277E+02 3.518E+02 3.556E+02 3.481E+02 3.324E+02 3.124E+02 2.920E+02 2.721E+02 2.532E+02 2.171E+02 1.880E+02 1.335E+02 9.838E+01 7.601E+01 5.979E+01 4.076E+01 2.784E+01 2.525E+01 2.295E+01 2.181E+01 1.953E+01 1.742E+01 1.408E+01 1.177E+01 9.808E+00 7.993E+00 7.599E+00 7.059E+00 5.982E+00 5.590E+00 5.540E+00 5.493E+00 5.457E+00 5.367E+00 5.263E+00 5.030E+00 4.684E+00 4.375E+00 3.057E+00 2.146E+00 1.580E+00 1.443E+00 1.438E+00 1.387E+00 1.312E+00 1.294E+00 1.163E+00 1.095E+00 1.032E+00 9.959E-01 8.930E-01 8.068E-01 7.414E-01 6.277E-01 5.235E-01 4.566E-01 3.121E-01 2.152E-01
  7.000E-01  7.186E+01 1.005E+02 1.489E+02 1.973E+02 2.331E+02 2.536E+02 2.627E+02 2.620E+02 2.550E+02 2.450E+02 2.335E+02 2.213E+02 1.951E+02 1.724E+02 1.262E+02 9.462E+01 7.385E+01 5.848E+01 4.019E+01 2.757E+01 2.502E+01 2.277E+01 2.165E+01 1.940E+01 1.732E+01 1.401E+01 1.172E+01 9.777E+00 7.972E+00 7.580E+00 7.043E+00 5.970E+00 5.582E+00 5.532E+00 5.486E+00 5.450E+00 5.361E+00 5.258E+00 5.025E+00 4.679E+00 4.371E+00 3.055E+00 2.144E+00 1.579E+00 1.442E+00 1.437E+00 1.386E+00 1.312E+00 1.293E+00 1.162E+00 1.094E+00 1.032E+00 9.955E-01 8.928E-01 8.066E-01 7.413E-01 6.276E-01 5.234E-01 4.566E-01 3.121E-01 2.151E-01
  8.000E-01  5.096E+01 5.797E+01 8.092E+01 1.143E+02 1.472E+02 1.729E+02 1.904E+02 1.995E+02 2.019E+02 2.002E+02 1.958E+02 1.894E+02 1.725E+02 1.560E+02 1.183E+02 9.045E+01 7.144E+01 5.701E+01 3.953E+01 2.725E+01 2.477E+01 2.256E+01 2.146E+01 1.926E+01 1.721E+01 1.394E+01 1.167E+01 9.742E+00 7.948E+00 7.558E+00 7.024E+00 5.957E+00 5.572E+00 5.523E+00 5.478E+00 5.442E+00 5.354E+00 5.251E+00 5.019E+00 4.674E+00 4.367E+00 3.052E+00 2.142E+00 1.578E+00 1.441E+00 1.436E+00 1.385E+00 1.311E+00 1.293E+00 1.162E+00 1.094E+00 1.032E+00 9.952E-01 8.925E-01 8.064E-01 7.411E-01 6.275E-01 5.233E-01 4.565E-01 3.120E-01 2.151E-01
  9.000E-01  3.816E+01 4.026E+01 4.876E+01 6.691E+01 9.052E+01 1.137E+02 1.331E+02 1.469E+02 1.553E+02 1.595E+02 1.604E+02 1.588E+02 1.501E+02 1.393E+02 1.100E+02 8.595E+01 6.880E+01 5.538E+01 3.880E+01 2.690E+01 2.448E+01 2.233E+01 2.125E+01 1.909E+01 1.708E+01 1.386E+01 1.162E+01 9.702E+00 7.921E+00 7.534E+00 7.003E+00 5.943E+00 5.561E+00 5.513E+00 5.469E+00 5.434E+00 5.346E+00 5.243E+00 5.012E+00 4.669E+00 4.362E+00 3.049E+00 2.140E+00 1.577E+00 1.440E+00 1.435E+00 1.384E+00 1.310E+00 1.292E+00 1.161E+00 1.093E+00 1.031E+00 9.948E-01 8.922E-01 8.061E-01 7.409E-01 6.273E-01 5.232E-01 4.564E-01 3.120E-01 2.151E-01
  1.000E+00  2.823E+01 3.077E+01 3.407E+01 4.210E+01 5.608E+01 7.335E+01 9.055E+01 1.051E+02 1.163E+02 1.239E+02 1.286E+02 1.305E+02 1.285E+02 1.227E+02 1.014E+02 8.118E+01 6.596E+01 5.362E+01 3.800E+01 2.651E+01 2.417E+01 2.207E+01 2.102E+01 1.891E+01 1.694E+01 1.376E+01 1.155E+01 9.658E+00 7.890E+00 7.506E+00 6.979E+00 5.926E+00 5.548E+00 5.502E+00 5.459E+00 5.424E+00 5.337E+00 5.235E+00 5.005E+00 4.662E+00 4.356E+00 3.045E+00 2.138E+00 1.575E+00 1.438E+00 1.434E+00 1.383E+00 1.309E+00 1.291E+00 1.161E+00 1.093E+00 1.031E+00 9.943E-01 8.918E-01 8.059E-01 7.406E-01 6.272E-01 5.231E-01 4.563E-01 3.119E-01 2.151E-01
  1.100E+00  2.069E+01 2.404E+01 2.647E+01 2.966E+01 3.662E+01 4.765E+01 6.070E+01 7.362E+01 8.506E+01 9.417E+01 1.009E+02 1.052E+02 1.083E+02 1.068E+02 9.264E+01 7.622E+01 6.296E+01 5.174E+01 3.714E+01 2.608E+01 2.382E+01 2.179E+01 2.077E+01 1.872E+01 1.679E+01 1.366E+01 1.149E+01 9.609E+00 7.857E+00 7.476E+00 6.953E+00 5.908E+00 5.535E+00 5.490E+00 5.447E+00 5.413E+00 5.327E+00 5.226E+00 4.997E+00 4.655E+00 4.350E+00 3.041E+00 2.135E+00 1.573E+00 1.437E+00 1.432E+00 1.382E+00 1.308E+00 1.290E+00 1.160E+00 1.092E+00 1.030E+00 9.938E-01 8.914E-01 8.055E-01 7.404E-01 6.270E-01 5.230E-01 4.563E-01 3.119E-01 2.150E-01
  1.200E+00  1.527E+01 1.890E+01 2.142E+01 2.305E+01 2.609E+01 3.223E+01 4.095E+01 5.102E+01 6.117E+01 7.020E+01 7.770E+01 8.334E+01 8.986E+01 9.167E+01 8.393E+01 7.114E+01 5.983E+01 4.975E+01 3.621E+01 2.562E+01 2.345E+01 2.148E+01 2.050E+01 1.850E+01 1.662E+01 1.355E+01 1.141E+01 9.556E+00 7.821E+00 7.443E+00 6.925E+00 5.889E+00 5.520E+00 5.476E+00 5.435E+00 5.402E+00 5.316E+00 5.216E+00 4.988E+00 4.647E+00 4.343E+00 3.037E+00 2.132E+00 1.571E+00 1.435E+00 1.431E+00 1.381E+00 1.307E+00 1.289E+00 1.159E+00 1.091E+00 1.030E+00 9.933E-01 8.910E-01 8.052E-01 7.401E-01 6.268E-01 5.229E-01 4.561E-01 3.118E-01 2.150E-01
  1.300E+00  1.157E+01 1.508E+01 1.746E+01 1.888E+01 2.028E+01 2.333E+01 2.851E+01 3.556E+01 4.365E+01 5.163E+01 5.888E+01 6.495E+01 7.350E+01 7.773E+01 7.540E+01 6.600E+01 5.661E+01 4.768E+01 3.523E+01 2.513E+01 2.305E+01 2.115E+01 2.021E+01 1.827E+01 1.644E+01 1.344E+01 1.133E+01 9.499E+00 7.782E+00 7.407E+00 6.894E+00 5.867E+00 5.503E+00 5.461E+00 5.421E+00 5.389E+00 5.305E+00 5.205E+00 4.978E+00 4.639E+00 4.335E+00 3.032E+00 2.129E+00 1.569E+00 1.434E+00 1.429E+00 1.380E+00 1.306E+00 1.288E+00 1.158E+00 1.091E+00 1.029E+00 9.927E-01 8.906E-01 8.048E-01 7.398E-01 6.266E-01 5.227E-01 4.560E-01 3.118E-01 2.150E-01
  1.400E+00  9.204E+00 1.228E+01 1.426E+01 1.573E+01 1.671E+01 1.819E+01 2.095E+01 2.543E+01 3.130E+01 3.774E+01 4.411E+01 4.996E+01 5.931E+01 6.513E+01 6.717E+01 6.087E+01 5.333E+01 4.554E+01 3.421E+01 2.462E+01 2.263E+01 2.081E+01 1.990E+01 1.803E+01 1.624E+01 1.331E+01 1.124E+01 9.437E+00 7.739E+00 7.369E+00 6.861E+00 5.845E+00 5.486E+00 5.445E+00 5.407E+00 5.375E+00 5.292E+00 5.193E+00 4.968E+00 4.630E+00 4.327E+00 3.027E+00 2.126E+00 1.567E+00 1.432E+00 1.428E+00 1.378E+00 1.305E+00 1.287E+00 1.157E+00 1.090E+00 1.028E+00 9.920E-01 8.901E-01 8.044E-01 7.395E-01 6.263E-01 5.226E-01 4.559E-01 3.117E-01 2.149E-01
  1.500E+00  7.782E+00 1.018E+01 1.170E+01 1.314E+01 1.415E+01 1.502E+01 1.640E+01 1.899E+01 2.291E+01 2.770E+01 3.288E+01 3.808E+01 4.730E+01 5.396E+01 5.936E+01 5.581E+01 5.001E+01 4.334E+01 3.314E+01 2.407E+01 2.218E+01 2.044E+01 1.957E+01 1.777E+01 1.604E+01 1.317E+01 1.115E+01 9.371E+00 7.694E+00 7.328E+00 6.826E+00 5.820E+00 5.467E+00 5.428E+00 5.391E+00 5.360E+00 5.279E+00 5.181E+00 4.956E+00 4.620E+00 4.318E+00 3.022E+00 2.122E+00 1.565E+00 1.430E+00 1.426E+00 1.377E+00 1.304E+00 1.285E+00 1.156E+00 1.089E+00 1.028E+00 9.913E-01 8.895E-01 8.040E-01 7.391E-01 6.261E-01 5.224E-01 4.558E-01 3.116E-01 2.149E-01
  1.600E+00  6.897E+00 8.507E+00 9.692E+00 1.101E+01 1.208E+01 1.280E+01 1.355E+01 1.496E+01 1.736E+01 2.068E+01 2.461E+01 2.894E+01 3.737E+01 4.425E+01 5.203E+01 5.087E+01 4.670E+01 4.112E+01 3.203E+01 2.350E+01 2.172E+01 2.006E+01 1.923E+01 1.750E+01 1.582E+01 1.303E+01 1.105E+01 9.301E+00 7.646E+00 7.285E+00 6.789E+00 5.794E+00 5.447E+00 5.410E+00 5.375E+00 5.345E+00 5.265E+00 5.168E+00 4.944E+00 4.609E+00 4.309E+00 3.016E+00 2.119E+00 1.562E+00 1.428E+00 1.424E+00 1.375E+00 1.302E+00 1.284E+00 1.155E+00 1.088E+00 1.027E+00 9.906E-01 8.889E-01 8.035E-01 7.387E-01 6.258E-01 5.222E-01 4.556E-01 3.116E-01 2.149E-01
  1.700E+00  6.228E+00 7.131E+00 8.112E+00 9.280E+00 1.032E+01 1.105E+01 1.161E+01 1.237E+01 1.375E+01 1.589E+01 1.869E+01 2.208E+01 2.935E+01 3.597E+01 4.525E+01 4.610E+01 4.342E+01 3.888E+01 3.090E+01 2.291E+01 2.123E+01 1.966E+01 1.887E+01 1.721E+01 1.559E+01 1.288E+01 1.095E+01 9.228E+00 7.596E+00 7.238E+00 6.749E+00 5.766E+00 5.426E+00 5.391E+00 5.357E+00 5.328E+00 5.249E+00 5.153E+00 4.932E+00 4.598E+00 4.299E+00 3.010E+00 2.114E+00 1.559E+00 1.426E+00 1.422E+00 1.373E+00 1.301E+00 1.283E+00 1.154E+00 1.087E+00 1.026E+00 9.898E-01 8.883E-01 8.030E-01 7.383E-01 6.255E-01 5.220E-01 4.555E-01 3.115E-01 2.148E-01
  1.800E+00  5.591E+00 5.981E+00 6.863E+00 7.895E+00 8.832E+00 9.575E+00 1.014E+01 1.061E+01 1.137E+01 1.267E+01 1.454E+01 1.707E+01 2.300E+01 2.904E+01 3.907E+01 4.154E+01 4.020E+01 3.663E+01 2.973E+01 2.230E+01 2.073E+01 1.924E+01 1.850E+01 1.691E+01 1.536E+01 1.272E+01 1.084E+01 9.150E+00 7.542E+00 7.190E+00 6.707E+00 5.737E+00 5.404E+00 5.371E+00 5.338E+00 5.311E+00 5.233E+00 5.138E+00 4.918E+00 4.587E+00 4.288E+00 3.003E+00 2.110E+00 1.556E+00 1.423E+00 1.420E+00 1.371E+00 1.299E+00 1.281E+00 1.153E+00 1.086E+00 1.025E+00 9.890E-01 8.877E-01 8.025E-01 7.379E-01 6.252E-01 5.218E-01 4.553E-01 3.114E-01 2.148E-01
  1.900E+00  4.913E+00 5.038E+00 5.873E+00 6.786E+00 7.593E+00 8.304E+00 8.911E+00 9.300E+00 9.746E+00 1.050E+01 1.170E+01 1.347E+01 1.808E+01 2.335E+01 3.350E+01 3.723E+01 3.706E+01 3.440E+01 2.855E+01 2.168E+01 2.021E+01 1.881E+01 1.811E+01 1.660E+01 1.511E+01 1.256E+01 1.072E+01 9.069E+00 7.486E+00 7.139E+00 6.664E+00 5.706E+00 5.381E+00 5.349E+00 5.319E+00 5.292E+00 5.217E+00 5.122E+00 4.904E+00 4.574E+00 4.277E+00 2.996E+00 2.106E+00 1.553E+00 1.421E+00 1.417E+00 1.369E+00 1.297E+00 1.279E+00 1.152E+00 1.085E+00 1.024E+00 9.881E-01 8.870E-01 8.020E-01 7.374E-01 6.249E-01 5.216E-01 4.552E-01 3.113E-01 2.147E-01
  2.000E+00  4.173E+00 4.305E+00 5.093E+00 5.890E+00 6.577E+00 7.220E+00 7.852E+00 8.236E+00 8.560E+00 9.010E+00 9.744E+00 1.094E+01 1.435E+01 1.876E+01 2.855E+01 3.319E+01 3.402E+01 3.221E+01 2.736E+01 2.103E+01 1.968E+01 1.836E+01 1.771E+01 1.628E+01 1.485E+01 1.239E+01 1.061E+01 8.984E+00 7.427E+00 7.086E+00 6.618E+00 5.674E+00 5.356E+00 5.327E+00 5.298E+00 5.273E+00 5.199E+00 5.106E+00 4.889E+00 4.561E+00 4.266E+00 2.989E+00 2.101E+00 1.550E+00 1.418E+00 1.415E+00 1.367E+00 1.295E+00 1.278E+00 1.150E+00 1.084E+00 1.023E+00 9.872E-01 8.863E-01 8.014E-01 7.369E-01 6.246E-01 5.214E-01 4.550E-01 3.112E-01 2.147E-01
  3.000E+00  1.624E+00 1.533E+00 1.838E+00 2.107E+00 2.291E+00 2.507E+00 2.713E+00 2.912E+00 3.130E+00 3.342E+00 3.546E+00 3.722E+00 3.985E+00 4.191E+00 5.564E+00 8.562E+00 1.182E+01 1.403E+01 1.591E+01 1.431E+01 1.397E+01 1.352E+01 1.331E+01 1.270E+01 1.193E+01 1.040E+01 9.197E+00 7.963E+00 6.715E+00 6.436E+00 6.055E+00 5.278E+00 5.050E+00 5.048E+00 5.042E+00 5.030E+00 4.977E+00 4.898E+00 4.703E+00 4.398E+00 4.119E+00 2.898E+00 2.041E+00 1.509E+00 1.386E+00 1.384E+00 1.341E+00 1.273E+00 1.256E+00 1.133E+00 1.069E+00 1.010E+00 9.754E-01 8.771E-01 7.940E-01 7.308E-01 6.203E-01 5.184E-01 4.527E-01 3.101E-01 2.140E-01
  4.000E+00  9.598E-01 8.581E-01 1.052E+00 1.181E+00 1.270E+00 1.350E+00 1.436E+00 1.518E+00 1.615E+00 1.700E+00 1.779E+00 1.869E+00 2.031E+00 2.245E+00 2.519E+00 2.832E+00 3.726E+00 4.999E+00 7.689E+00 8.367E+00 8.660E+00 8.810E+00 8.939E+00 8.986E+00 8.801E+00 8.143E+00 7.536E+00 6.727E+00 5.830E+00 5.624E+00 5.347E+00 4.769E+00 4.653E+00 4.682E+00 4.704E+00 4.710E+00 4.682E+00 4.621E+00 4.454E+00 4.180E+00 3.923E+00 2.775E+00 1.960E+00 1.454E+00 1.341E+00 1.342E+00 1.305E+00 1.242E+00 1.226E+00 1.110E+00 1.049E+00 9.926E-01 9.592E-01 8.644E-01 7.838E-01 7.223E-01 6.143E-01 5.143E-01 4.496E-01 3.084E-01 2.131E-01
  5.000E+00  6.974E-01 6.257E-01 7.741E-01 8.516E-01 8.787E-01 9.279E-01 9.694E-01 1.006E+00 1.060E+00 1.105E+00 1.160E+00 1.197E+00 1.301E+00 1.363E+00 1.603E+00 1.751E+00 1.908E+00 2.128E+00 3.433E+00 4.278E+00 4.735E+00 5.123E+00 5.405E+00 5.813E+00 5.986E+00 5.961E+00 5.843E+00 5.418E+00 4.862E+00 4.727E+00 4.556E+00 4.187E+00 4.188E+00 4.252E+00 4.304E+00 4.329E+00 4.330E+00 4.288E+00 4.154E+00 3.915E+00 3.684E+00 2.624E+00 1.861E+00 1.386E+00 1.286E+00 1.291E+00 1.260E+00 1.203E+00 1.188E+00 1.081E+00 1.023E+00 9.703E-01 9.387E-01 8.484E-01 7.708E-01 7.115E-01 6.067E-01 5.091E-01 4.456E-01 3.063E-01 2.119E-01
  6.000E+00  5.630E-01 5.330E-01 6.604E-01 6.908E-01 7.149E-01 7.344E-01 7.685E-01 7.984E-01 8.225E-01 8.478E-01 8.605E-01 8.958E-01 9.336E-01 9.930E-01 1.141E+00 1.252E+00 1.381E+00 1.383E+00 1.787E+00 2.020E+00 2.362E+00 2.720E+00 3.008E+00 3.500E+00 3.800E+00 4.097E+00 4.296E+00 4.165E+00 3.894E+00 3.823E+00 3.745E+00 3.573E+00 3.686E+00 3.782E+00 3.864E+00 3.908E+00 3.937E+00 3.916E+00 3.816E+00 3.615E+00 3.413E+00 2.452E+00 1.747E+00 1.308E+00 1.222E+00 1.230E+00 1.207E+00 1.157E+00 1.144E+00 1.046E+00 9.932E-01 9.438E-01 9.143E-01 8.292E-01 7.553E-01 6.985E-01 5.976E-01 5.028E-01 4.408E-01 3.038E-01 2.105E-01
  8.000E+00  4.452E-01 4.686E-01 5.534E-01 5.464E-01 5.496E-01 5.699E-01 5.735E-01 5.934E-01 6.050E-01 6.155E-01 6.244E-01 6.419E-01 6.526E-01 6.779E-01 7.337E-01 7.715E-01 8.557E-01 8.541E-01 1.016E+00 5.976E-01 6.588E-01 7.802E-01 9.435E-01 1.238E+00 1.417E+00 1.690E+00 2.034E+00 2.169E+00 2.224E+00 2.231E+00 2.280E+00 2.396E+00 2.674E+00 2.818E+00 2.945E+00 3.019E+00 3.097E+00 3.114E+00 3.078E+00 2.955E+00 2.812E+00 2.063E+00 1.487E+00 1.127E+00 1.073E+00 1.088E+00 1.083E+00 1.048E+00 1.038E+00 9.629E-01 9.202E-01 8.797E-01 8.550E-01 7.824E-01 7.172E-01 6.666E-01 5.749E-01 4.872E-01 4.287E-01 2.974E-01 2.070E-01
  1.000E+01  4.002E-01 4.532E-01 5.029E-01 4.718E-01 4.709E-01 4.771E-01 4.932E-01 4.976E-01 5.037E-01 5.092E-01 5.179E-01 5.261E-01 5.290E-01 5.473E-01 5.764E-01 5.922E-01 6.424E-01 6.168E-01 7.280E-01 3.321E-01 3.442E-01 3.937E-01 5.040E-01 6.541E-01 6.950E-01 7.211E-01 9.015E-01 1.016E+00 1.109E+00 1.132E+00 1.221E+00 1.458E+00 1.795E+00 1.953E+00 2.098E+00 2.185E+00 2.290E+00 2.332E+00 2.345E+00 2.287E+00 2.197E+00 1.654E+00 1.209E+00 9.312E-01 9.082E-01 9.302E-01 9.421E-01 9.229E-01 9.172E-01 8.657E-01 8.344E-01 8.037E-01 7.845E-01 7.261E-01 6.712E-01 6.277E-01 5.471E-01 4.678E-01 4.137E-01 2.895E-01 2.025E-01
  1.200E+01  3.666E-01 4.307E-01 4.414E-01 4.010E-01 4.123E-01 4.281E-01 4.374E-01 4.353E-01 4.360E-01 4.394E-01 4.510E-01 4.528E-01 4.619E-01 4.647E-01 4.866E-01 4.804E-01 5.351E-01 4.863E-01 5.730E-01 2.025E-01 2.152E-01 2.638E-01 3.676E-01 4.917E-01 5.043E-01 4.278E-01 4.739E-01 5.095E-01 5.183E-01 5.263E-01 6.022E-01 8.332E-01 1.139E+00 1.282E+00 1.415E+00 1.498E+00 1.605E+00 1.656E+00 1.696E+00 1.682E+00 1.633E+00 1.265E+00 9.402E-01 7.382E-01 7.411E-01 7.682E-01 7.948E-01 7.905E-01 7.884E-01 7.603E-01 7.405E-01 7.198E-01 7.063E-01 6.629E-01 6.189E-01 5.834E-01 5.150E-01 4.452E-01 3.962E-01 2.800E-01 1.971E-01
  1.400E+01  3.371E-01 3.947E-01 3.814E-01 3.475E-01 3.663E-01 3.853E-01 3.875E-01 3.848E-01 3.919E-01 3.947E-01 3.991E-01 4.037E-01 4.031E-01 4.128E-01 4.225E-01 4.248E-01 4.406E-01 4.206E-01 4.760E-01 1.291E-01 1.376E-01 1.825E-01 2.796E-01 3.976E-01 4.102E-01 3.230E-01 3.287E-01 3.346E-01 2.638E-01 2.541E-01 3.076E-01 4.830E-01 7.134E-01 8.220E-01 9.262E-01 9.929E-01 1.082E+00 1.129E+00 1.176E+00 1.184E+00 1.161E+00 9.262E-01 7.005E-01 5.620E-01 5.836E-01 6.135E-01 6.507E-01 6.588E-01 6.597E-01 6.525E-01 6.433E-01 6.321E-01 6.241E-01 5.955E-01 5.626E-01 5.351E-01 4.796E-01 4.199E-01 3.764E-01 2.693E-01 1.910E-01
  1.600E+01  3.180E-01 3.562E-01 3.387E-01 3.081E-01 3.327E-01 3.488E-01 3.476E-01 3.479E-01 3.504E-01 3.514E-01 3.565E-01 3.565E-01 3.614E-01 3.657E-01 3.775E-01 3.679E-01 3.827E-01 3.584E-01 3.981E-01 8.802E-02 9.332E-02 1.339E-01 2.234E-01 3.321E-01 3.406E-01 2.554E-01 2.607E-01 2.753E-01 1.676E-01 1.498E-01 1.911E-01 3.153E-01 4.685E-01 5.408E-01 6.110E-01 6.568E-01 7.202E-01 7.551E-01 7.928E-01 8.066E-01 7.972E-01 6.517E-01 5.015E-01 4.117E-01 4.440E-01 4.742E-01 5.174E-01 5.345E-01 5.377E-01 5.474E-01 5.472E-01 5.444E-01 5.414E-01 5.264E-01 5.041E-01 4.845E-01 4.418E-01 3.927E-01 3.549E-01 2.574E-01 1.842E-01
  1.800E+01  3.055E-01 3.126E-01 2.988E-01 2.806E-01 2.978E-01 3.070E-01 3.138E-01 3.145E-01 3.114E-01 3.114E-01 3.176E-01 3.174E-01 3.240E-01 3.214E-01 3.218E-01 3.239E-01 3.421E-01 3.055E-01 3.391E-01 6.315E-02 6.671E-02 1.041E-01 1.857E-01 2.860E-01 2.884E-01 2.040E-01 2.132E-01 2.429E-01 1.263E-01 1.087E-01 1.484E-01 2.428E-01 3.393E-01 3.826E-01 4.238E-01 4.507E-01 4.883E-01 5.094E-01 5.325E-01 5.416E-01 5.363E-01 4.443E-01 3.468E-01 2.913E-01 3.272E-01 3.555E-01 4.000E-01 4.226E-01 4.273E-01 4.492E-01 4.561E-01 4.602E-01 4.612E-01 4.581E-01 4.454E-01 4.332E-01 4.028E-01 3.640E-01 3.321E-01 2.447E-01 1.768E-01
  2.000E+01  2.787E-01 2.766E-01 2.730E-01 2.480E-01 2.614E-01 2.723E-01 2.751E-01 2.747E-01 2.756E-01 2.768E-01 2.834E-01 2.863E-01 2.791E-01 2.843E-01 2.848E-01 2.909E-01 2.904E-01 2.741E-01 2.892E-01 4.713E-02 4.962E-02 8.423E-02 1.591E-01 2.491E-01 2.470E-01 1.666E-01 1.779E-01 2.162E-01 1.003E-01 8.592E-02 1.281E-01 2.084E-01 2.712E-01 2.957E-01 3.170E-01 3.303E-01 3.480E-01 3.572E-01 3.661E-01 3.671E-01 3.609E-01 2.972E-01 2.336E-01 2.002E-01 2.344E-01 2.594E-01 3.015E-01 3.261E-01 3.316E-01 3.609E-01 3.728E-01 3.819E-01 3.861E-01 3.925E-01 3.882E-01 3.824E-01 3.634E-01 3.346E-01 3.084E-01 2.312E-01 1.689E-01
  2.200E+01  2.310E-01 2.362E-01 2.584E-01 2.176E-01 2.266E-01 2.471E-01 2.489E-01 2.471E-01 2.455E-01 2.462E-01 2.500E-01 2.530E-01 2.494E-01 2.578E-01 2.588E-01 2.469E-01 2.658E-01 2.305E-01 2.429E-01 3.631E-02 3.811E-02 7.029E-02 1.395E-01 2.170E-01 2.124E-01 1.396E-01 1.521E-01 1.931E-01 7.976E-02 6.880E-02 1.128E-01 1.850E-01 2.299E-01 2.439E-01 2.539E-01 2.589E-01 2.641E-01 2.654E-01 2.638E-01 2.573E-01 2.490E-01 1.986E-01 1.554E-01 1.349E-01 1.643E-01 1.850E-01 2.222E-01 2.463E-01 2.519E-01 2.844E-01 2.991E-01 3.114E-01 3.179E-01 3.314E-01 3.338E-01 3.336E-01 3.246E-01 3.049E-01 2.843E-01 2.173E-01 1.607E-01
  2.400E+01  2.136E-01 2.087E-01 2.369E-01 2.005E-01 1.941E-01 2.294E-01 2.213E-01 2.183E-01 2.177E-01 2.188E-01 2.206E-01 2.214E-01 2.261E-01 2.229E-01 2.278E-01 2.206E-01 2.307E-01 2.046E-01 2.076E-01 2.872E-02 3.006E-02 5.998E-02 1.232E-01 1.910E-01 1.843E-01 1.195E-01 1.328E-01 1.732E-01 6.360E-02 5.542E-02 9.949E-02 1.640E-01 1.985E-01 2.072E-01 2.116E-01 2.126E-01 2.113E-01 2.084E-01 2.008E-01 1.897E-01 1.796E-01 1.355E-01 1.040E-01 9.045E-02 1.137E-01 1.301E-01 1.610E-01 1.827E-01 1.879E-01 2.202E-01 2.360E-01 2.499E-01 2.576E-01 2.759E-01 2.834E-01 2.876E-01 2.871E-01 2.757E-01 2.602E-01 2.030E-01 1.521E-01
  2.600E+01  1.778E-01 1.829E-01 2.021E-01 1.957E-01 1.831E-01 2.103E-01 2.002E-01 1.935E-01 1.994E-01 1.986E-01 1.951E-01 1.962E-01 1.982E-01 1.925E-01 1.981E-01 1.940E-01 1.985E-01 1.802E-01 1.753E-01 2.322E-02 2.423E-02 5.199E-02 1.091E-01 1.697E-01 1.614E-01 1.040E-01 1.177E-01 1.556E-01 5.129E-02 4.535E-02 8.802E-02 1.442E-01 1.712E-01 1.771E-01 1.790E-01 1.783E-01 1.744E-01 1.698E-01 1.599E-01 1.469E-01 1.362E-01 9.620E-02 7.151E-02 6.140E-02 7.871E-02 9.113E-02 1.156E-01 1.339E-01 1.384E-01 1.680E-01 1.834E-01 1.977E-01 2.059E-01 2.268E-01 2.377E-01 2.452E-01 2.515E-01 2.473E-01 2.365E-01 1.887E-01 1.434E-01
  2.800E+01  1.773E-01 1.767E-01 1.635E-01 1.816E-01 1.774E-01 1.781E-01 1.684E-01 1.689E-01 1.786E-01 1.776E-01 1.709E-01 1.728E-01 1.700E-01 1.727E-01 1.746E-01 1.659E-01 1.807E-01 1.516E-01 1.474E-01 1.912E-02 1.991E-02 4.570E-02 9.729E-02 1.505E-01 1.417E-01 9.144E-02 1.054E-01 1.397E-01 4.193E-02 3.789E-02 7.835E-02 1.262E-01 1.469E-01 1.510E-01 1.516E-01 1.503E-01 1.458E-01 1.410E-01 1.310E-01 1.182E-01 1.079E-01 7.176E-02 5.137E-02 4.303E-02 5.534E-02 6.447E-02 8.302E-02 9.766E-02 1.014E-01 1.269E-01 1.410E-01 1.546E-01 1.626E-01 1.842E-01 1.972E-01 2.069E-01 2.183E-01 2.201E-01 2.134E-01 1.744E-01 1.345E-01
  3.000E+01  1.399E-01 1.467E-01 1.497E-01 1.524E-01 1.627E-01 1.342E-01 1.419E-01 1.535E-01 1.502E-01 1.519E-01 1.522E-01 1.519E-01 1.503E-01 1.548E-01 1.487E-01 1.498E-01 1.520E-01 1.381E-01 1.276E-01 1.600E-02 1.663E-02 4.056E-02 8.697E-02 1.337E-01 1.246E-01 8.103E-02 9.503E-02 1.250E-01 3.470E-02 3.224E-02 7.009E-02 1.103E-01 1.257E-01 1.283E-01 1.282E-01 1.266E-01 1.222E-01 1.177E-01 1.086E-01 9.703E-02 8.777E-02 5.601E-02 3.879E-02 3.154E-02 4.014E-02 4.674E-02 6.038E-02 7.156E-02 7.447E-02 9.537E-02 1.076E-01 1.198E-01 1.272E-01 1.482E-01 1.620E-01 1.729E-01 1.879E-01 1.944E-01 1.914E-01 1.604E-01 1.257E-01
  3.200E+01  1.337E-01 1.360E-01 1.392E-01 1.188E-01 1.190E-01 1.358E-01 1.318E-01 1.334E-01 1.271E-01 1.296E-01 1.326E-01 1.350E-01 1.326E-01 1.366E-01 1.350E-01 1.289E-01 1.366E-01 1.160E-01 1.064E-01 1.357E-02 1.408E-02 3.617E-02 7.815E-02 1.183E-01 1.096E-01 7.230E-02 8.592E-02 1.115E-01 2.900E-02 2.784E-02 6.288E-02 9.650E-02 1.076E-01 1.090E-01 1.082E-01 1.066E-01 1.024E-01 9.844E-02 9.048E-02 8.043E-02 7.243E-02 4.516E-02 3.060E-02 2.426E-02 3.033E-02 3.513E-02 4.500E-02 5.324E-02 5.544E-02 7.186E-02 8.200E-02 9.246E-02 9.903E-02 1.183E-01 1.320E-01 1.433E-01 1.605E-01 1.706E-01 1.705E-01 1.468E-01 1.170E-01
  3.400E+01  1.256E-01 1.253E-01 1.202E-01 1.239E-01 1.135E-01 1.283E-01 1.241E-01 1.113E-01 1.221E-01 1.201E-01 1.163E-01 1.143E-01 1.196E-01 1.164E-01 1.150E-01 1.160E-01 1.162E-01 1.042E-01 9.297E-02 1.165E-02 1.207E-02 3.242E-02 7.055E-02 1.036E-01 9.602E-02 6.493E-02 7.768E-02 9.930E-02 2.443E-02 2.430E-02 5.647E-02 8.449E-02 9.228E-02 9.280E-02 9.157E-02 8.985E-02 8.591E-02 8.238E-02 7.548E-02 6.690E-02 6.012E-02 3.710E-02 2.488E-02 1.942E-02 2.392E-02 2.750E-02 3.468E-02 4.061E-02 4.223E-02 5.469E-02 6.279E-02 7.142E-02 7.700E-02 9.397E-02 1.069E-01 1.180E-01 1.361E-01 1.488E-01 1.511E-01 1.336E-01 1.085E-01
  3.600E+01  1.105E-01 1.065E-01 1.020E-01 9.819E-02 1.064E-01 9.188E-02 9.179E-02 1.084E-01 1.014E-01 1.023E-01 1.022E-01 9.752E-02 1.068E-01 9.949E-02 1.046E-01 9.875E-02 1.022E-01 8.899E-02 7.886E-02 1.011E-02 1.046E-02 2.918E-02 6.323E-02 9.142E-02 8.474E-02 5.856E-02 7.015E-02 8.826E-02 2.072E-02 2.138E-02 5.072E-02 7.404E-02 7.935E-02 7.924E-02 7.772E-02 7.597E-02 7.226E-02 6.909E-02 6.308E-02 5.576E-02 5.003E-02 3.076E-02 2.057E-02 1.597E-02 1.954E-02 2.235E-02 2.771E-02 3.198E-02 3.315E-02 4.238E-02 4.864E-02 5.555E-02 6.013E-02 7.458E-02 8.624E-02 9.661E-02 1.148E-01 1.289E-01 1.331E-01 1.211E-01 1.001E-01
  3.800E+01  9.621E-02 8.973E-02 8.925E-02 9.060E-02 8.568E-02 9.887E-02 9.893E-02 7.984E-02 8.732E-02 8.725E-02 8.720E-02 8.866E-02 9.346E-02 8.719E-02 8.819E-02 8.731E-02 9.014E-02 7.870E-02 6.834E-02 8.851E-03 9.147E-03 2.632E-02 5.649E-02 8.204E-02 7.594E-02 5.286E-02 6.330E-02 7.830E-02 1.768E-02 1.894E-02 4.554E-02 6.493E-02 6.844E-02 6.791E-02 6.623E-02 6.450E-02 6.102E-02 5.817E-02 5.289E-02 4.660E-02 4.173E-02 2.560E-02 1.714E-02 1.333E-02 1.637E-02 1.869E-02 2.290E-02 2.602E-02 2.687E-02 3.364E-02 3.837E-02 4.376E-02 4.741E-02 5.937E-02 6.950E-02 7.890E-02 9.633E-02 1.112E-01 1.167E-01 1.093E-01 9.212E-02
  4.000E+01  8.647E-02 7.992E-02 7.490E-02 7.620E-02 7.954E-02 7.146E-02 6.882E-02 8.634E-02 7.995E-02 7.956E-02 8.172E-02 7.626E-02 7.897E-02 7.493E-02 7.655E-02 7.633E-02 7.467E-02 6.862E-02 5.935E-02 7.816E-03 8.070E-03 2.382E-02 5.086E-02 7.335E-02 6.794E-02 4.765E-02 5.715E-02 6.934E-02 1.516E-02 1.686E-02 4.088E-02 5.701E-02 5.919E-02 5.841E-02 5.667E-02 5.500E-02 5.179E-02 4.922E-02 4.456E-02 3.910E-02 3.494E-02 2.136E-02 1.434E-02 1.120E-02 1.393E-02 1.592E-02 1.941E-02 2.179E-02 2.244E-02 2.743E-02 3.097E-02 3.509E-02 3.795E-02 4.759E-02 5.615E-02 6.441E-02 8.057E-02 9.545E-02 1.018E-01 9.819E-02 8.445E-02
  4.200E+01  7.030E-02 7.570E-02 6.919E-02 6.711E-02 6.185E-02 7.582E-02 6.949E-02 6.005E-02 6.894E-02 6.901E-02 6.362E-02 6.804E-02 6.840E-02 6.704E-02 6.820E-02 6.561E-02 7.000E-02 5.938E-02 5.095E-02 6.953E-03 7.175E-03 2.160E-02 4.589E-02 6.461E-02 5.998E-02 4.293E-02 5.159E-02 6.134E-02 1.307E-02 1.507E-02 3.669E-02 5.011E-02 5.133E-02 5.041E-02 4.869E-02 4.712E-02 4.416E-02 4.186E-02 3.773E-02 3.298E-02 2.940E-02 1.788E-02 1.202E-02 9.445E-03 1.194E-02 1.371E-02 1.674E-02 1.867E-02 1.918E-02 2.296E-02 2.561E-02 2.875E-02 3.095E-02 3.858E-02 4.562E-02 5.270E-02 6.727E-02 8.167E-02 8.847E-02 8.790E-02 7.717E-02
  4.400E+01  5.521E-02 6.361E-02 6.449E-02 5.890E-02 5.691E-02 5.398E-02 5.226E-02 6.355E-02 5.532E-02 5.628E-02 6.133E-02 6.070E-02 5.612E-02 5.914E-02 5.803E-02 5.818E-02 5.622E-02 5.208E-02 4.459E-02 6.227E-03 6.424E-03 1.956E-02 4.125E-02 5.693E-02 5.308E-02 3.878E-02 4.647E-02 5.428E-02 1.131E-02 1.351E-02 3.292E-02 4.410E-02 4.464E-02 4.365E-02 4.200E-02 4.053E-02 3.784E-02 3.578E-02 3.213E-02 2.797E-02 2.486E-02 1.503E-02 1.010E-02 7.981E-03 1.027E-02 1.187E-02 1.459E-02 1.625E-02 1.667E-02 1.967E-02 2.169E-02 2.409E-02 2.578E-02 3.174E-02 3.740E-02 4.334E-02 5.617E-02 6.971E-02 7.666E-02 7.842E-02 7.029E-02
  4.600E+01  5.281E-02 4.838E-02 4.986E-02 5.270E-02 5.420E-02 5.224E-02 5.143E-02 4.854E-02 5.566E-02 5.566E-02 5.061E-02 4.881E-02 5.047E-02 5.084E-02 5.121E-02 4.930E-02 5.208E-02 4.520E-02 3.895E-02 5.611E-03 5.787E-03 1.773E-02 3.710E-02 5.089E-02 4.770E-02 3.511E-02 4.174E-02 4.808E-02 9.832E-03 1.214E-02 2.954E-02 3.887E-02 3.893E-02 3.792E-02 3.636E-02 3.501E-02 3.258E-02 3.073E-02 2.750E-02 2.386E-02 2.115E-02 1.270E-02 8.520E-03 6.761E-03 8.859E-03 1.032E-02 1.279E-02 1.427E-02 1.464E-02 1.714E-02 1.874E-02 2.061E-02 2.192E-02 2.655E-02 3.103E-02 3.592E-02 4.699E-02 5.942E-02 6.627E-02 6.975E-02 6.385E-02
  4.800E+01  4.601E-02 4.608E-02 4.320E-02 4.371E-02 4.309E-02 4.607E-02 4.565E-02 4.085E-02 3.910E-02 3.973E-02 4.078E-02 4.806E-02 4.408E-02 4.444E-02 4.491E-02 4.397E-02 4.344E-02 3.950E-02 3.377E-02 5.084E-03 5.244E-03 1.613E-02 3.332E-02 4.593E-02 4.309E-02 3.171E-02 3.749E-02 4.259E-02 8.581E-03 1.094E-02 2.652E-02 3.432E-02 3.405E-02 3.305E-02 3.159E-02 3.036E-02 2.816E-02 2.651E-02 2.365E-02 2.045E-02 1.809E-02 1.079E-02 7.221E-03 5.746E-03 7.660E-03 8.981E-03 1.125E-02 1.261E-02 1.295E-02 1.513E-02 1.645E-02 1.795E-02 1.898E-02 2.260E-02 2.611E-02 3.008E-02 3.947E-02 5.066E-02 5.720E-02 6.187E-02 5.784E-02
  5.000E+01  4.263E-02 3.770E-02 4.063E-02 4.055E-02 3.923E-02 3.470E-02 3.413E-02 4.141E-02 3.581E-02 3.601E-02 4.037E-02 3.991E-02 3.580E-02 3.846E-02 3.825E-02 3.775E-02 3.830E-02 3.460E-02 2.970E-02 4.631E-03 4.778E-03 1.468E-02 2.989E-02 4.112E-02 3.859E-02 2.854E-02 3.374E-02 3.771E-02 7.517E-03 9.880E-03 2.381E-02 3.036E-02 2.986E-02 2.890E-02 2.755E-02 2.643E-02 2.445E-02 2.298E-02 2.045E-02 1.763E-02 1.556E-02 9.213E-03 6.152E-03 4.905E-03 6.643E-03 7.840E-03 9.919E-03 1.118E-02 1.149E-02 1.347E-02 1.460E-02 1.585E-02 1.670E-02 1.956E-02 2.229E-02 2.549E-02 3.335E-02 4.324E-02 4.935E-02 5.476E-02 5.229E-02
  5.200E+01  3.431E-02 3.237E-02 3.012E-02 3.210E-02 3.472E-02 3.083E-02 3.412E-02 3.315E-02 3.509E-02 3.553E-02 3.560E-02 3.131E-02 3.085E-02 3.187E-02 3.391E-02 3.325E-02 3.341E-02 2.979E-02 2.573E-02 4.239E-03 4.375E-03 1.335E-02 2.704E-02 3.630E-02 3.420E-02 2.570E-02 3.038E-02 3.343E-02 6.609E-03 8.939E-03 2.139E-02 2.691E-02 2.627E-02 2.535E-02 2.412E-02 2.310E-02 2.132E-02 2.000E-02 1.775E-02 1.527E-02 1.345E-02 7.913E-03 5.269E-03 4.207E-03 5.783E-03 6.867E-03 8.768E-03 9.934E-03 1.022E-02 1.205E-02 1.307E-02 1.415E-02 1.486E-02 1.718E-02 1.932E-02 2.188E-02 2.839E-02 3.700E-02 4.260E-02 4.839E-02 4.718E-02
  5.400E+01  3.037E-02 2.903E-02 2.865E-02 2.889E-02 2.912E-02 2.711E-02 2.999E-02 2.490E-02 2.912E-02 2.932E-02 2.663E-02 2.869E-02 2.873E-02 2.776E-02 2.961E-02 2.806E-02 2.849E-02 2.666E-02 2.278E-02 3.897E-03 4.024E-03 1.215E-02 2.454E-02 3.212E-02 3.044E-02 2.323E-02 2.729E-02 2.969E-02 5.832E-03 8.101E-03 1.924E-02 2.389E-02 2.318E-02 2.232E-02 2.118E-02 2.026E-02 1.866E-02 1.748E-02 1.548E-02 1.328E-02 1.168E-02 6.832E-03 4.536E-03 3.626E-03 5.056E-03 6.037E-03 7.774E-03 8.851E-03 9.119E-03 1.082E-02 1.175E-02 1.272E-02 1.334E-02 1.527E-02 1.697E-02 1.903E-02 2.438E-02 3.179E-02 3.683E-02 4.272E-02 4.249E-02
  5.600E+01  2.508E-02 2.595E-02 2.394E-02 2.443E-02 2.227E-02 2.401E-02 2.548E-02 2.231E-02 2.137E-02 2.132E-02 2.180E-02 2.645E-02 2.511E-02 2.452E-02 2.585E-02 2.542E-02 2.546E-02 2.255E-02 1.968E-02 3.599E-03 3.718E-03 1.108E-02 2.197E-02 2.913E-02 2.764E-02 2.099E-02 2.448E-02 2.642E-02 5.164E-03 7.356E-03 1.732E-02 2.126E-02 2.051E-02 1.971E-02 1.867E-02 1.783E-02 1.639E-02 1.534E-02 1.356E-02 1.161E-02 1.019E-02 5.928E-03 3.925E-03 3.141E-03 4.441E-03 5.331E-03 6.917E-03 7.908E-03 8.156E-03 9.740E-03 1.061E-02 1.149E-02 1.205E-02 1.371E-02 1.508E-02 1.675E-02 2.114E-02 2.746E-02 3.192E-02 3.769E-02 3.823E-02
  5.800E+01  2.321E-02 2.250E-02 1.876E-02 1.768E-02 2.024E-02 1.977E-02 2.026E-02 2.024E-02 1.737E-02 1.720E-02 2.006E-02 2.233E-02 2.071E-02 2.202E-02 2.230E-02 2.124E-02 2.151E-02 2.022E-02 1.732E-02 3.337E-03 3.449E-03 1.010E-02 1.961E-02 2.666E-02 2.523E-02 1.892E-02 2.201E-02 2.354E-02 4.589E-03 6.691E-03 1.561E-02 1.897E-02 1.820E-02 1.746E-02 1.651E-02 1.576E-02 1.446E-02 1.352E-02 1.193E-02 1.019E-02 8.935E-03 5.167E-03 3.412E-03 2.734E-03 3.920E-03 4.730E-03 6.179E-03 7.089E-03 7.318E-03 8.793E-03 9.599E-03 1.042E-02 1.093E-02 1.240E-02 1.353E-02 1.490E-02 1.852E-02 2.386E-02 2.776E-02 3.325E-02 3.437E-02
  6.000E+01  1.792E-02 1.670E-02 1.638E-02 1.556E-02 1.697E-02 1.526E-02 1.634E-02 1.769E-02 1.580E-02 1.560E-02 1.843E-02 1.826E-02 1.691E-02 1.866E-02 1.913E-02 1.863E-02 1.933E-02 1.726E-02 1.504E-02 3.105E-03 3.213E-03 9.213E-03 1.782E-02 2.370E-02 2.245E-02 1.704E-02 1.983E-02 2.099E-02 4.091E-03 6.097E-03 1.408E-02 1.696E-02 1.620E-02 1.552E-02 1.466E-02 1.397E-02 1.281E-02 1.196E-02 1.054E-02 8.985E-03 7.865E-03 4.524E-03 2.980E-03 2.392E-03 3.477E-03 4.217E-03 5.544E-03 6.379E-03 6.591E-03 7.959E-03 8.712E-03 9.476E-03 9.947E-03 1.127E-02 1.224E-02 1.339E-02 1.638E-02 2.087E-02 2.426E-02 2.936E-02 3.088E-02
  6.200E+01  1.480E-02 1.335E-02 1.417E-02 1.408E-02 1.400E-02 1.265E-02 1.387E-02 1.533E-02 1.373E-02 1.373E-02 1.594E-02 1.481E-02 1.371E-02 1.582E-02 1.617E-02 1.669E-02 1.614E-02 1.536E-02 1.333E-02 2.901E-03 3.003E-03 8.426E-03 1.629E-02 2.069E-02 1.974E-02 1.540E-02 1.787E-02 1.876E-02 3.661E-03 5.566E-03 1.272E-02 1.519E-02 1.447E-02 1.384E-02 1.306E-02 1.244E-02 1.138E-02 1.062E-02 9.342E-03 7.953E-03 6.952E-03 3.979E-03 2.614E-03 2.102E-03 3.099E-03 3.778E-03 4.998E-03 5.765E-03 5.960E-03 7.227E-03 7.927E-03 8.640E-03 9.079E-03 1.029E-02 1.113E-02 1.212E-02 1.462E-02 1.840E-02 2.130E-02 2.596E-02 2.775E-02
  6.400E+01  1.237E-02 1.185E-02 1.221E-02 1.245E-02 1.101E-02 1.075E-02 1.200E-02 1.306E-02 1.221E-02 1.233E-02 1.349E-02 1.205E-02 1.155E-02 1.334E-02 1.409E-02 1.377E-02 1.458E-02 1.306E-02 1.143E-02 2.720E-03 2.818E-03 7.701E-03 1.463E-02 1.871E-02 1.791E-02 1.393E-02 1.608E-02 1.681E-02 3.287E-03 5.091E-03 1.151E-02 1.365E-02 1.296E-02 1.238E-02 1.167E-02 1.111E-02 1.015E-02 9.468E-03 8.316E-03 7.069E-03 6.171E-03 3.514E-03 2.302E-03 1.855E-03 2.776E-03 3.400E-03 4.526E-03 5.232E-03 5.412E-03 6.585E-03 7.235E-03 7.900E-03 8.308E-03 9.424E-03 1.018E-02 1.104E-02 1.316E-02 1.634E-02 1.882E-02 2.300E-02 2.495E-02
  6.600E+01  1.018E-02 1.014E-02 1.007E-02 1.040E-02 9.100E-03 9.175E-03 1.008E-02 1.049E-02 1.047E-02 1.065E-02 1.153E-02 1.020E-02 9.860E-03 1.090E-02 1.182E-02 1.238E-02 1.234E-02 1.166E-02 1.011E-02 2.558E-03 2.653E-03 7.035E-03 1.306E-02 1.742E-02 1.657E-02 1.259E-02 1.449E-02 1.508E-02 2.961E-03 4.666E-03 1.044E-02 1.229E-02 1.164E-02 1.111E-02 1.047E-02 9.956E-03 9.093E-03 8.472E-03 7.432E-03 6.307E-03 5.499E-03 3.116E-03 2.037E-03 1.645E-03 2.497E-03 3.075E-03 4.118E-03 4.770E-03 4.936E-03 6.022E-03 6.625E-03 7.243E-03 7.624E-03 8.655E-03 9.342E-03 1.011E-02 1.193E-02 1.462E-02 1.672E-02 2.043E-02 2.245E-02
  6.800E+01  8.406E-03 7.942E-03 8.318E-03 8.486E-03 7.613E-03 7.579E-03 8.583E-03 9.096E-03 8.589E-03 8.794E-03 9.606E-03 8.490E-03 8.472E-03 9.481E-03 1.034E-02 1.047E-02 1.071E-02 1.021E-02 8.891E-03 2.415E-03 2.506E-03 6.446E-03 1.188E-02 1.564E-02 1.483E-02 1.136E-02 1.310E-02 1.356E-02 2.677E-03 4.286E-03 9.478E-03 1.110E-02 1.049E-02 1.001E-02 9.420E-03 8.956E-03 8.173E-03 7.610E-03 6.668E-03 5.650E-03 4.920E-03 2.774E-03 1.809E-03 1.465E-03 2.257E-03 2.794E-03 3.764E-03 4.368E-03 4.523E-03 5.529E-03 6.088E-03 6.662E-03 7.016E-03 7.971E-03 8.601E-03 9.298E-03 1.089E-02 1.318E-02 1.496E-02 1.821E-02 2.023E-02
  7.000E+01  6.765E-03 6.103E-03 6.510E-03 6.973E-03 6.181E-03 6.338E-03 7.305E-03 7.590E-03 7.318E-03 7.472E-03 8.207E-03 7.165E-03 6.999E-03 8.352E-03 8.978E-03 8.987E-03 9.543E-03 8.675E-03 7.679E-03 2.286E-03 2.375E-03 5.921E-03 1.089E-02 1.356E-02 1.301E-02 1.029E-02 1.185E-02 1.223E-02 2.429E-03 3.945E-03 8.624E-03 1.005E-02 9.485E-03 9.044E-03 8.508E-03 8.086E-03 7.373E-03 6.861E-03 6.005E-03 5.081E-03 4.420E-03 2.479E-03 1.613E-03 1.310E-03 2.050E-03 2.550E-03 3.455E-03 4.017E-03 4.162E-03 5.096E-03 5.615E-03 6.148E-03 6.476E-03 7.359E-03 7.941E-03 8.580E-03 9.994E-03 1.195E-02 1.346E-02 1.628E-02 1.826E-02
  7.200E+01  5.934E-03 5.049E-03 5.449E-03 5.303E-03 5.671E-03 5.136E-03 5.596E-03 6.104E-03 6.049E-03 6.158E-03 6.838E-03 6.418E-03 6.132E-03 7.142E-03 7.576E-03 8.096E-03 8.027E-03 7.784E-03 6.675E-03 2.171E-03 2.257E-03 5.430E-03 9.792E-03 1.233E-02 1.188E-02 9.351E-03 1.071E-02 1.106E-02 2.212E-03 3.639E-03 7.862E-03 9.127E-03 8.604E-03 8.200E-03 7.711E-03 7.326E-03 6.675E-03 6.209E-03 5.428E-03 4.587E-03 3.985E-03 2.224E-03 1.444E-03 1.177E-03 1.870E-03 2.337E-03 3.186E-03 3.711E-03 3.846E-03 4.717E-03 5.198E-03 5.693E-03 5.997E-03 6.813E-03 7.351E-03 7.940E-03 9.213E-03 1.091E-02 1.219E-02 1.462E-02 1.651E-02
  7.400E+01  4.778E-03 4.862E-03 4.533E-03 3.847E-03 4.729E-03 4.402E-03 4.336E-03 5.136E-03 5.020E-03 5.021E-03 5.613E-03 5.684E-03 5.227E-03 6.505E-03 6.933E-03 6.486E-03 7.258E-03 6.811E-03 6.049E-03 2.069E-03 2.152E-03 4.979E-03 8.766E-03 1.165E-02 1.109E-02 8.495E-03 9.693E-03 1.003E-02 2.022E-03 3.365E-03 7.183E-03 8.312E-03 7.830E-03 7.461E-03 7.014E-03 6.662E-03 6.067E-03 5.640E-03 4.926E-03 4.156E-03 3.607E-03 2.003E-03 1.298E-03 1.062E-03 1.713E-03 2.152E-03 2.951E-03 3.443E-03 3.569E-03 4.384E-03 4.831E-03 5.291E-03 5.573E-03 6.325E-03 6.822E-03 7.369E-03 8.527E-03 1.002E-02 1.111E-02 1.318E-02 1.497E-02
  7.600E+01  3.753E-03 3.573E-03 3.628E-03 3.507E-03 3.706E-03 4.114E-03 3.628E-03 4.372E-03 4.152E-03 4.165E-03 4.484E-03 4.952E-03 4.693E-03 5.457E-03 5.865E-03 5.838E-03 6.363E-03 5.831E-03 5.244E-03 1.976E-03 2.057E-03 4.587E-03 8.035E-03 1.044E-02 9.899E-03 7.698E-03 8.827E-03 9.100E-03 1.854E-03 3.119E-03 6.578E-03 7.592E-03 7.150E-03 6.813E-03 6.403E-03 6.080E-03 5.534E-03 5.142E-03 4.486E-03 3.781E-03 3.277E-03 1.811E-03 1.171E-03 9.619E-04 1.576E-03 1.990E-03 2.745E-03 3.207E-03 3.326E-03 4.090E-03 4.507E-03 4.935E-03 5.197E-03 5.890E-03 6.349E-03 6.857E-03 7.920E-03 9.239E-03 1.017E-02 1.194E-02 1.361E-02
  7.800E+01  3.052E-03 3.144E-03 3.178E-03 3.229E-03 2.902E-03 3.585E-03 3.512E-03 3.752E-03 3.352E-03 3.402E-03 3.715E-03 4.330E-03 4.345E-03 4.798E-03 5.211E-03 5.199E-03 5.314E-03 5.190E-03 4.627E-03 1.893E-03 1.972E-03 4.241E-03 7.432E-03 8.984E-03 8.674E-03 6.993E-03 8.052E-03 8.287E-03 1.707E-03 2.898E-03 6.037E-03 6.955E-03 6.552E-03 6.243E-03 5.866E-03 5.569E-03 5.066E-03 4.705E-03 4.101E-03 3.451E-03 2.988E-03 1.643E-03 1.061E-03 8.753E-04 1.456E-03 1.848E-03 2.563E-03 3.000E-03 3.113E-03 3.831E-03 4.220E-03 4.619E-03 4.863E-03 5.501E-03 5.925E-03 6.397E-03 7.379E-03 8.559E-03 9.366E-03 1.086E-02 1.241E-02
  8.000E+01  2.799E-03 2.496E-03 2.625E-03 2.398E-03 2.700E-03 2.747E-03 2.933E-03 3.140E-03 2.766E-03 2.811E-03 2.996E-03 3.592E-03 3.885E-03 4.122E-03 4.397E-03 4.315E-03 5.085E-03 4.475E-03 4.156E-03 1.819E-03 1.896E-03 3.914E-03 6.716E-03 8.290E-03 8.039E-03 6.390E-03 7.327E-03 7.582E-03 1.577E-03 2.700E-03 5.556E-03 6.392E-03 6.025E-03 5.741E-03 5.394E-03 5.120E-03 4.656E-03 4.322E-03 3.763E-03 3.163E-03 2.734E-03 1.496E-03 9.652E-04 7.999E-04 1.352E-03 1.723E-03 2.403E-03 2.817E-03 2.924E-03 3.602E-03 3.967E-03 4.340E-03 4.566E-03 5.154E-03 5.544E-03 5.984E-03 6.894E-03 7.961E-03 8.664E-03 9.930E-03 1.136E-02
  8.200E+01  2.393E-03 2.035E-03 2.266E-03 2.063E-03 2.363E-03 2.373E-03 2.333E-03 2.380E-03 2.683E-03 2.733E-03 2.725E-03 2.960E-03 3.119E-03 3.213E-03 3.783E-03 3.933E-03 4.327E-03 4.056E-03 3.844E-03 1.752E-03 1.827E-03 3.609E-03 6.006E-03 8.020E-03 7.611E-03 5.850E-03 6.683E-03 6.961E-03 1.463E-03 2.522E-03 5.126E-03 5.894E-03 5.560E-03 5.299E-03 4.979E-03 4.725E-03 4.294E-03 3.984E-03 3.466E-03 2.909E-03 2.512E-03 1.368E-03 8.813E-04 7.342E-04 1.260E-03 1.613E-03 2.262E-03 2.656E-03 2.757E-03 3.399E-03 3.742E-03 4.091E-03 4.302E-03 4.844E-03 5.204E-03 5.613E-03 6.459E-03 7.431E-03 8.048E-03 9.119E-03 1.042E-02
  8.400E+01  1.917E-03 1.930E-03 2.049E-03 1.784E-03 1.825E-03 2.403E-03 2.213E-03 2.409E-03 2.180E-03 2.294E-03 2.656E-03 2.381E-03 2.814E-03 2.560E-03 3.030E-03 3.651E-03 3.692E-03 3.447E-03 3.456E-03 1.692E-03 1.765E-03 3.342E-03 5.530E-03 7.218E-03 6.819E-03 5.348E-03 6.138E-03 6.405E-03 1.361E-03 2.362E-03 4.742E-03 5.454E-03 5.150E-03 4.909E-03 4.612E-03 4.376E-03 3.976E-03 3.687E-03 3.204E-03 2.685E-03 2.315E-03 1.255E-03 8.078E-04 6.768E-04 1.179E-03 1.517E-03 2.138E-03 2.513E-03 2.610E-03 3.219E-03 3.542E-03 3.870E-03 4.068E-03 4.567E-03 4.898E-03 5.280E-03 6.068E-03 6.958E-03 7.506E-03 8.412E-03 9.602E-03
  8.600E+01  1.656E-03 1.663E-03 1.752E-03 1.620E-03 1.745E-03 1.756E-03 1.777E-03 1.825E-03 2.185E-03 2.192E-03 2.244E-03 2.361E-03 2.548E-03 2.549E-03 2.743E-03 3.275E-03 3.519E-03 3.138E-03 3.032E-03 1.637E-03 1.709E-03 3.113E-03 5.189E-03 6.230E-03 6.018E-03 4.898E-03 5.656E-03 5.917E-03 1.272E-03 2.218E-03 4.399E-03 5.064E-03 4.788E-03 4.565E-03 4.289E-03 4.069E-03 3.695E-03 3.425E-03 2.973E-03 2.487E-03 2.142E-03 1.155E-03 7.433E-04 6.266E-04 1.108E-03 1.432E-03 2.027E-03 2.387E-03 2.479E-03 3.060E-03 3.365E-03 3.673E-03 3.858E-03 4.319E-03 4.624E-03 4.980E-03 5.715E-03 6.536E-03 7.026E-03 7.793E-03 8.875E-03
  8.800E+01  1.391E-03 1.426E-03 1.502E-03 1.556E-03 1.479E-03 1.656E-03 1.600E-03 1.844E-03 1.551E-03 1.613E-03 2.062E-03 2.037E-03 2.156E-03 2.560E-03 2.724E-03 2.654E-03 3.151E-03 2.796E-03 2.805E-03 1.589E-03 1.659E-03 2.901E-03 4.749E-03 5.884E-03 5.678E-03 4.509E-03 5.213E-03 5.494E-03 1.192E-03 2.089E-03 4.093E-03 4.719E-03 4.469E-03 4.262E-03 4.004E-03 3.798E-03 3.446E-03 3.193E-03 2.768E-03 2.312E-03 1.988E-03 1.067E-03 6.867E-04 5.825E-04 1.046E-03 1.356E-03 1.930E-03 2.274E-03 2.363E-03 2.918E-03 3.207E-03 3.498E-03 3.671E-03 4.098E-03 4.378E-03 4.710E-03 5.397E-03 6.157E-03 6.599E-03 7.250E-03 8.232E-03
  9.000E+01  1.211E-03 1.365E-03 1.260E-03 1.369E-03 1.574E-03 1.434E-03 1.490E-03 1.584E-03 1.720E-03 1.733E-03 1.598E-03 1.710E-03 1.912E-03 2.170E-03 2.624E-03 2.351E-03 2.816E-03 2.629E-03 2.649E-03 1.545E-03 1.614E-03 2.700E-03 4.270E-03 5.789E-03 5.444E-03 4.167E-03 4.823E-03 5.125E-03 1.122E-03 1.972E-03 3.819E-03 4.414E-03 4.187E-03 3.994E-03 3.752E-03 3.558E-03 3.227E-03 2.987E-03 2.587E-03 2.157E-03 1.852E-03 9.889E-04 6.368E-04 5.439E-04 9.907E-04 1.290E-03 1.843E-03 2.175E-03 2.260E-03 2.791E-03 3.066E-03 3.341E-03 3.504E-03 3.899E-03 4.157E-03 4.467E-03 5.110E-03 5.817E-03 6.218E-03 6.772E-03 7.660E-03
  9.200E+01  1.184E-03 1.320E-03 1.191E-03 1.275E-03 1.285E-03 1.558E-03 1.420E-03 1.550E-03 1.418E-03 1.482E-03 1.454E-03 1.464E-03 1.791E-03 1.659E-03 2.179E-03 2.354E-03 2.632E-03 2.285E-03 2.304E-03 1.505E-03 1.573E-03 2.520E-03 3.961E-03 5.210E-03 4.900E-03 3.856E-03 4.498E-03 4.796E-03 1.059E-03 1.868E-03 3.576E-03 4.145E-03 3.939E-03 3.758E-03 3.530E-03 3.346E-03 3.033E-03 2.806E-03 2.426E-03 2.019E-03 1.731E-03 9.198E-04 5.927E-04 5.100E-04 9.421E-04 1.231E-03 1.766E-03 2.086E-03 2.168E-03 2.679E-03 2.940E-03 3.201E-03 3.354E-03 3.721E-03 3.959E-03 4.248E-03 4.851E-03 5.511E-03 5.877E-03 6.349E-03 7.152E-03
  9.400E+01  1.247E-03 1.243E-03 1.199E-03 1.177E-03 1.215E-03 1.145E-03 1.209E-03 1.246E-03 1.544E-03 1.551E-03 1.375E-03 1.509E-03 1.660E-03 1.686E-03 1.967E-03 2.202E-03 2.460E-03 2.300E-03 1.994E-03 1.469E-03 1.536E-03 2.367E-03 3.766E-03 4.559E-03 4.376E-03 3.571E-03 4.216E-03 4.512E-03 1.004E-03 1.774E-03 3.360E-03 3.908E-03 3.720E-03 3.550E-03 3.333E-03 3.159E-03 2.861E-03 2.644E-03 2.283E-03 1.896E-03 1.624E-03 8.584E-04 5.539E-04 4.802E-04 8.991E-04 1.179E-03 1.698E-03 2.007E-03 2.087E-03 2.578E-03 2.828E-03 3.076E-03 3.220E-03 3.560E-03 3.781E-03 4.051E-03 4.618E-03 5.235E-03 5.571E-03 5.973E-03 6.698E-03
  9.600E+01  1.129E-03 1.101E-03 1.096E-03 1.096E-03 1.233E-03 1.328E-03 1.282E-03 1.509E-03 1.184E-03 1.218E-03 1.364E-03 1.507E-03 1.663E-03 1.609E-03 1.850E-03 2.017E-03 2.178E-03 2.015E-03 1.897E-03 1.437E-03 1.503E-03 2.232E-03 3.488E-03 4.465E-03 4.233E-03 3.315E-03 3.958E-03 4.276E-03 9.546E-04 1.690E-03 3.167E-03 3.699E-03 3.528E-03 3.367E-03 3.160E-03 2.994E-03 2.708E-03 2.502E-03 2.156E-03 1.787E-03 1.528E-03 8.038E-04 5.195E-04 4.539E-04 8.611E-04 1.133E-03 1.637E-03 1.937E-03 2.014E-03 2.488E-03 2.727E-03 2.963E-03 3.100E-03 3.416E-03 3.620E-03 3.874E-03 4.407E-03 4.986E-03 5.297E-03 5.637E-03 6.292E-03
  9.800E+01  1.143E-03 1.130E-03 1.064E-03 1.115E-03 1.147E-03 1.267E-03 1.109E-03 1.313E-03 1.242E-03 1.275E-03 1.348E-03 1.487E-03 1.566E-03 1.679E-03 1.861E-03 1.866E-03 2.179E-03 2.019E-03 1.783E-03 1.409E-03 1.473E-03 2.107E-03 3.166E-03 4.494E-03 4.163E-03 3.104E-03 3.724E-03 4.083E-03 9.106E-04 1.614E-03 2.996E-03 3.517E-03 3.360E-03 3.206E-03 3.008E-03 2.848E-03 2.574E-03 2.375E-03 2.043E-03 1.690E-03 1.442E-03 7.550E-04 4.890E-04 4.307E-04 8.274E-04 1.092E-03 1.583E-03 1.875E-03 1.949E-03 2.408E-03 2.637E-03 2.862E-03 2.993E-03 3.287E-03 3.476E-03 3.714E-03 4.217E-03 4.763E-03 5.050E-03 5.337E-03 5.927E-03
  1.000E+02  1.111E-03 1.151E-03 1.030E-03 1.097E-03 1.120E-03 1.204E-03 1.181E-03 1.231E-03 1.358E-03 1.389E-03 1.335E-03 1.276E-03 1.384E-03 1.784E-03 1.788E-03 1.752E-03 1.915E-03 1.846E-03 1.638E-03 1.383E-03 1.446E-03 1.989E-03 2.960E-03 4.079E-03 3.822E-03 2.939E-03 3.528E-03 3.920E-03 8.715E-04 1.546E-03 2.845E-03 3.358E-03 3.213E-03 3.066E-03 2.874E-03 2.720E-03 2.454E-03 2.262E-03 1.942E-03 1.603E-03 1.365E-03 7.115E-04 4.620E-04 4.103E-04 7.977E-04 1.055E-03 1.535E-03 1.819E-03 1.892E-03 2.336E-03 2.556E-03 2.772E-03 2.896E-03 3.170E-03 3.345E-03 3.570E-03 4.046E-03 4.561E-03 4.828E-03 5.068E-03 5.598E-03
  1.020E+02  1.163E-03 1.210E-03 1.130E-03 1.094E-03 1.157E-03 1.090E-03 1.316E-03 1.401E-03 1.317E-03 1.348E-03 1.277E-03 1.171E-03 1.332E-03 1.606E-03 1.901E-03 1.794E-03 1.866E-03 1.671E-03 1.562E-03 1.359E-03 1.421E-03 1.884E-03 2.845E-03 3.604E-03 3.443E-03 2.781E-03 3.375E-03 3.783E-03 8.366E-04 1.484E-03 2.711E-03 3.220E-03 3.086E-03 2.943E-03 2.757E-03 2.607E-03 2.349E-03 2.162E-03 1.852E-03 1.525E-03 1.296E-03 6.726E-04 4.380E-04 3.923E-04 7.713E-04 1.023E-03 1.493E-03 1.769E-03 1.840E-03 2.272E-03 2.484E-03 2.691E-03 2.809E-03 3.066E-03 3.228E-03 3.440E-03 3.891E-03 4.379E-03 4.628E-03 4.825E-03 5.301E-03
  1.040E+02  1.465E-03 1.096E-03 1.128E-03 1.157E-03 1.190E-03 1.228E-03 1.119E-03 1.238E-03 1.206E-03 1.255E-03 1.324E-03 1.211E-03 1.473E-03 1.332E-03 1.983E-03 1.650E-03 1.720E-03 1.627E-03 1.556E-03 1.339E-03 1.400E-03 1.796E-03 2.700E-03 3.523E-03 3.313E-03 2.614E-03 3.253E-03 3.678E-03 8.054E-04 1.430E-03 2.595E-03 3.103E-03 2.976E-03 2.837E-03 2.655E-03 2.508E-03 2.256E-03 2.074E-03 1.772E-03 1.455E-03 1.235E-03 6.377E-04 4.167E-04 3.764E-04 7.480E-04 9.946E-04 1.455E-03 1.725E-03 1.794E-03 2.215E-03 2.419E-03 2.618E-03 2.731E-03 2.971E-03 3.122E-03 3.323E-03 3.752E-03 4.216E-03 4.447E-03 4.605E-03 5.032E-03
  1.060E+02  1.510E-03 1.305E-03 1.347E-03 1.179E-03 1.211E-03 1.333E-03 1.251E-03 1.261E-03 1.286E-03 1.320E-03 1.436E-03 1.370E-03 1.519E-03 1.543E-03 1.533E-03 1.623E-03 1.726E-03 1.492E-03 1.570E-03 1.320E-03 1.380E-03 1.720E-03 2.532E-03 3.517E-03 3.279E-03 2.485E-03 3.138E-03 3.615E-03 7.776E-04 1.380E-03 2.493E-03 3.004E-03 2.882E-03 2.746E-03 2.566E-03 2.421E-03 2.173E-03 1.995E-03 1.700E-03 1.392E-03 1.179E-03 6.064E-04 3.977E-04 3.623E-04 7.274E-04 9.693E-04 1.421E-03 1.685E-03 1.753E-03 2.163E-03 2.361E-03 2.553E-03 2.660E-03 2.886E-03 3.027E-03 3.217E-03 3.627E-03 4.068E-03 4.284E-03 4.405E-03 4.786E-03
  1.080E+02  1.643E-03 1.359E-03 1.519E-03 1.242E-03 1.403E-03 1.232E-03 1.328E-03 1.244E-03 1.371E-03 1.413E-03 1.475E-03 1.416E-03 1.560E-03 1.507E-03 1.792E-03 1.619E-03 1.763E-03 1.549E-03 1.616E-03 1.303E-03 1.362E-03 1.645E-03 2.387E-03 3.283E-03 3.149E-03 2.418E-03 3.029E-03 3.587E-03 7.528E-04 1.336E-03 2.406E-03 2.921E-03 2.803E-03 2.668E-03 2.489E-03 2.345E-03 2.101E-03 1.925E-03 1.636E-03 1.335E-03 1.129E-03 5.782E-04 3.809E-04 3.499E-04 7.091E-04 9.468E-04 1.391E-03 1.650E-03 1.717E-03 2.117E-03 2.309E-03 2.494E-03 2.597E-03 2.809E-03 2.941E-03 3.122E-03 3.514E-03 3.936E-03 4.136E-03 4.222E-03 4.563E-03
  1.100E+02  1.713E-03 1.334E-03 1.404E-03 1.342E-03 1.280E-03 1.341E-03 1.495E-03 1.251E-03 1.469E-03 1.484E-03 1.629E-03 1.475E-03 1.563E-03 1.551E-03 1.443E-03 1.455E-03 1.849E-03 1.437E-03 1.702E-03 1.288E-03 1.347E-03 1.569E-03 2.254E-03 3.053E-03 2.972E-03 2.366E-03 2.959E-03 3.583E-03 7.306E-04 1.297E-03 2.332E-03 2.854E-03 2.737E-03 2.602E-03 2.423E-03 2.280E-03 2.037E-03 1.863E-03 1.579E-03 1.285E-03 1.084E-03 5.528E-04 3.658E-04 3.389E-04 6.929E-04 9.268E-04 1.364E-03 1.619E-03 1.684E-03 2.076E-03 2.263E-03 2.441E-03 2.540E-03 2.740E-03 2.864E-03 3.037E-03 3.413E-03 3.815E-03 4.001E-03 4.056E-03 4.359E-03
  1.120E+02  1.868E-03 1.677E-03 1.496E-03 1.549E-03 1.415E-03 1.481E-03 1.483E-03 1.663E-03 1.556E-03 1.516E-03 1.622E-03 1.590E-03 1.486E-03 1.435E-03 1.738E-03 1.772E-03 2.128E-03 1.609E-03 1.715E-03 1.275E-03 1.333E-03 1.504E-03 2.138E-03 2.944E-03 2.813E-03 2.294E-03 2.934E-03 3.605E-03 7.108E-04 1.262E-03 2.271E-03 2.803E-03 2.684E-03 2.547E-03 2.367E-03 2.223E-03 1.981E-03 1.808E-03 1.527E-03 1.239E-03 1.043E-03 5.300E-04 3.524E-04 3.292E-04 6.786E-04 9.092E-04 1.340E-03 1.591E-03 1.655E-03 2.039E-03 2.221E-03 2.394E-03 2.489E-03 2.678E-03 2.795E-03 2.961E-03 3.322E-03 3.707E-03 3.878E-03 3.902E-03 4.172E-03
  1.140E+02  1.738E-03 1.586E-03 1.832E-03 1.452E-03 1.545E-03 1.679E-03 1.404E-03 1.398E-03 1.515E-03 1.518E-03 1.398E-03 1.704E-03 1.659E-03 1.524E-03 2.007E-03 1.871E-03 1.995E-03 1.607E-03 1.857E-03 1.263E-03 1.320E-03 1.453E-03 2.054E-03 2.820E-03 2.726E-03 2.237E-03 2.924E-03 3.669E-03 6.931E-04 1.230E-03 2.222E-03 2.764E-03 2.642E-03 2.502E-03 2.319E-03 2.174E-03 1.932E-03 1.760E-03 1.481E-03 1.197E-03 1.005E-03 5.093E-04 3.405E-04 3.207E-04 6.660E-04 8.935E-04 1.319E-03 1.566E-03 1.629E-03 2.006E-03 2.183E-03 2.351E-03 2.444E-03 2.623E-03 2.733E-03 2.892E-03 3.240E-03 3.607E-03 3.766E-03 3.761E-03 4.001E-03
  1.160E+02  2.724E-03 1.717E-03 1.472E-03 1.563E-03 1.432E-03 1.350E-03 1.573E-03 1.574E-03 1.624E-03 1.704E-03 1.666E-03 1.798E-03 1.799E-03 2.115E-03 1.945E-03 2.044E-03 2.616E-03 1.865E-03 2.326E-03 1.252E-03 1.309E-03 1.409E-03 1.954E-03 2.762E-03 2.784E-03 2.236E-03 2.913E-03 3.778E-03 6.772E-04 1.203E-03 2.184E-03 2.740E-03 2.610E-03 2.466E-03 2.280E-03 2.133E-03 1.889E-03 1.717E-03 1.440E-03 1.159E-03 9.715E-04 4.907E-04 3.298E-04 3.131E-04 6.548E-04 8.797E-04 1.300E-03 1.544E-03 1.606E-03 1.977E-03 2.150E-03 2.313E-03 2.403E-03 2.573E-03 2.678E-03 2.831E-03 3.166E-03 3.517E-03 3.661E-03 3.630E-03 3.844E-03
  1.180E+02  4.376E-03 2.329E-03 1.882E-03 1.684E-03 1.777E-03 1.759E-03 1.982E-03 1.950E-03 1.916E-03 2.043E-03 2.041E-03 2.092E-03 2.363E-03 2.205E-03 2.385E-03 2.587E-03 2.404E-03 2.268E-03 2.757E-03 1.243E-03 1.299E-03 1.367E-03 1.817E-03 2.822E-03 2.872E-03 2.281E-03 2.929E-03 3.918E-03 6.630E-04 1.178E-03 2.158E-03 2.727E-03 2.588E-03 2.438E-03 2.247E-03 2.098E-03 1.851E-03 1.678E-03 1.402E-03 1.125E-03 9.407E-04 4.738E-04 3.203E-04 3.064E-04 6.449E-04 8.674E-04 1.283E-03 1.524E-03 1.586E-03 1.950E-03 2.120E-03 2.279E-03 2.366E-03 2.529E-03 2.628E-03 2.776E-03 3.099E-03 3.433E-03 3.564E-03 3.509E-03 3.699E-03
  1.200E+02  3.810E-03 3.419E-03 2.949E-03 2.723E-03 2.478E-03 2.419E-03 2.298E-03 2.619E-03 2.358E-03 2.399E-03 2.545E-03 2.506E-03 3.019E-03 2.431E-03 2.548E-03 2.578E-03 3.059E-03 2.337E-03 3.302E-03 1.235E-03 1.290E-03 1.327E-03 1.718E-03 2.776E-03 2.831E-03 2.334E-03 3.005E-03 4.079E-03 6.502E-04 1.156E-03 2.142E-03 2.727E-03 2.574E-03 2.418E-03 2.220E-03 2.068E-03 1.818E-03 1.644E-03 1.368E-03 1.094E-03 9.126E-04 4.585E-04 3.118E-04 3.005E-04 6.362E-04 8.566E-04 1.269E-03 1.507E-03 1.567E-03 1.927E-03 2.093E-03 2.249E-03 2.333E-03 2.490E-03 2.584E-03 2.727E-03 3.038E-03 3.355E-03 3.472E-03 3.396E-03 3.568E-03
  1.220E+02  2.933E-03 4.489E-03 3.932E-03 3.057E-03 3.059E-03 3.569E-03 3.150E-03 3.116E-03 2.907E-03 2.814E-03 3.236E-03 2.832E-03 3.318E-03 2.765E-03 3.272E-03 2.970E-03 2.869E-03 2.868E-03 4.292E-03 1.227E-03 1.282E-03 1.296E-03 1.692E-03 2.628E-03 2.788E-03 2.384E-03 3.143E-03 4.270E-03 6.388E-04 1.138E-03 2.137E-03 2.738E-03 2.568E-03 2.404E-03 2.199E-03 2.043E-03 1.789E-03 1.613E-03 1.337E-03 1.065E-03 8.868E-04 4.446E-04 3.042E-04 2.953E-04 6.285E-04 8.470E-04 1.256E-03 1.491E-03 1.551E-03 1.906E-03 2.070E-03 2.222E-03 2.304E-03 2.455E-03 2.545E-03 2.683E-03 2.983E-03 3.281E-03 3.385E-03 3.290E-03 3.447E-03
  1.240E+02  1.995E-03 3.568E-03 3.949E-03 4.212E-03 3.698E-03 3.158E-03 3.723E-03 3.829E-03 3.109E-03 3.104E-03 3.619E-03 3.429E-03 3.081E-03 3.442E-03 3.418E-03 3.369E-03 3.817E-03 3.367E-03 5.072E-03 1.221E-03 1.275E-03 1.276E-03 1.677E-03 2.642E-03 2.910E-03 2.450E-03 3.318E-03 4.503E-03 6.285E-04 1.121E-03 2.142E-03 2.760E-03 2.569E-03 2.395E-03 2.183E-03 2.022E-03 1.763E-03 1.586E-03 1.309E-03 1.039E-03 8.630E-04 4.319E-04 2.974E-04 2.907E-04 6.218E-04 8.386E-04 1.244E-03 1.477E-03 1.537E-03 1.888E-03 2.048E-03 2.198E-03 2.279E-03 2.423E-03 2.510E-03 2.643E-03 2.931E-03 3.211E-03 3.302E-03 3.192E-03 3.337E-03
  1.260E+02  1.399E-03 2.038E-03 3.049E-03 3.299E-03 3.095E-03 3.555E-03 3.045E-03 3.490E-03 3.676E-03 3.651E-03 3.202E-03 3.546E-03 3.115E-03 3.455E-03 3.731E-03 3.446E-03 4.128E-03 3.690E-03 6.078E-03 1.215E-03 1.269E-03 1.262E-03 1.648E-03 2.828E-03 3.162E-03 2.572E-03 3.517E-03 4.779E-03 6.193E-04 1.107E-03 2.157E-03 2.790E-03 2.575E-03 2.391E-03 2.170E-03 2.004E-03 1.740E-03 1.561E-03 1.283E-03 1.015E-03 8.412E-04 4.204E-04 2.913E-04 2.866E-04 6.159E-04 8.312E-04 1.234E-03 1.465E-03 1.524E-03 1.871E-03 2.030E-03 2.177E-03 2.256E-03 2.396E-03 2.478E-03 2.607E-03 2.882E-03 3.143E-03 3.221E-03 3.100E-03 3.237E-03
  1.280E+02  1.155E-03 1.509E-03 2.133E-03 2.628E-03 2.935E-03 2.752E-03 3.515E-03 2.651E-03 2.906E-03 2.950E-03 3.198E-03 3.699E-03 3.601E-03 3.452E-03 3.768E-03 4.068E-03 5.087E-03 4.580E-03 7.341E-03 1.210E-03 1.263E-03 1.252E-03 1.650E-03 3.087E-03 3.510E-03 2.771E-03 3.749E-03 5.084E-03 6.110E-04 1.095E-03 2.182E-03 2.830E-03 2.586E-03 2.391E-03 2.160E-03 1.989E-03 1.719E-03 1.538E-03 1.259E-03 9.922E-04 8.209E-04 4.100E-04 2.859E-04 2.830E-04 6.107E-04 8.247E-04 1.225E-03 1.455E-03 1.513E-03 1.857E-03 2.013E-03 2.158E-03 2.236E-03 2.371E-03 2.450E-03 2.574E-03 2.836E-03 3.078E-03 3.143E-03 3.014E-03 3.146E-03
  1.300E+02  1.031E-03 1.394E-03 1.943E-03 2.048E-03 2.241E-03 2.017E-03 2.828E-03 2.528E-03 3.040E-03 3.156E-03 3.386E-03 3.579E-03 3.330E-03 3.893E-03 5.065E-03 4.422E-03 7.212E-03 5.421E-03 8.306E-03 1.206E-03 1.259E-03 1.242E-03 1.705E-03 3.414E-03 3.924E-03 3.022E-03 4.045E-03 5.399E-03 6.035E-04 1.085E-03 2.216E-03 2.876E-03 2.601E-03 2.394E-03 2.153E-03 1.976E-03 1.701E-03 1.517E-03 1.237E-03 9.714E-04 8.021E-04 4.004E-04 2.810E-04 2.799E-04 6.061E-04 8.190E-04 1.217E-03 1.445E-03 1.503E-03 1.844E-03 1.999E-03 2.142E-03 2.218E-03 2.349E-03 2.424E-03 2.542E-03 2.790E-03 3.013E-03 3.068E-03 2.934E-03 3.065E-03
  1.320E+02  9.857E-04 1.160E-03 1.172E-03 1.746E-03 1.969E-03 2.079E-03 2.206E-03 2.976E-03 3.677E-03 3.928E-03 3.610E-03 4.002E-03 3.931E-03 4.580E-03 5.886E-03 6.606E-03 7.429E-03 7.120E-03 9.034E-03 1.202E-03 1.254E-03 1.238E-03 1.826E-03 3.695E-03 4.279E-03 3.287E-03 4.421E-03 5.718E-03 5.969E-04 1.077E-03 2.258E-03 2.928E-03 2.619E-03 2.398E-03 2.147E-03 1.965E-03 1.683E-03 1.497E-03 1.217E-03 9.519E-04 7.847E-04 3.917E-04 2.767E-04 2.771E-04 6.021E-04 8.140E-04 1.210E-03 1.437E-03 1.495E-03 1.833E-03 1.986E-03 2.127E-03 2.202E-03 2.329E-03 2.399E-03 2.512E-03 2.746E-03 2.950E-03 2.994E-03 2.860E-03 2.992E-03
  1.340E+02  9.754E-04 1.099E-03 1.422E-03 1.682E-03 2.315E-03 2.903E-03 3.805E-03 3.534E-03 3.701E-03 4.051E-03 4.682E-03 6.225E-03 5.443E-03 6.972E-03 8.309E-03 8.253E-03 1.093E-02 8.605E-03 9.918E-03 1.198E-03 1.251E-03 1.246E-03 2.018E-03 4.013E-03 4.675E-03 3.571E-03 4.853E-03 6.041E-03 5.908E-04 1.071E-03 2.308E-03 2.985E-03 2.638E-03 2.404E-03 2.142E-03 1.955E-03 1.667E-03 1.479E-03 1.197E-03 9.336E-04 7.683E-04 3.838E-04 2.728E-04 2.746E-04 5.987E-04 8.097E-04 1.204E-03 1.430E-03 1.487E-03 1.823E-03 1.974E-03 2.114E-03 2.188E-03 2.310E-03 2.375E-03 2.483E-03 2.702E-03 2.887E-03 2.922E-03 2.792E-03 2.928E-03
  1.360E+02  1.060E-03 1.526E-03 2.476E-03 4.036E-03 5.323E-03 5.636E-03 6.817E-03 7.590E-03 8.203E-03 8.285E-03 8.755E-03 8.702E-03 8.919E-03 9.741E-03 1.171E-02 1.083E-02 1.206E-02 1.060E-02 9.954E-03 1.196E-03 1.248E-03 1.268E-03 2.239E-03 4.759E-03 5.425E-03 3.909E-03 5.295E-03 6.367E-03 5.855E-04 1.066E-03 2.365E-03 3.044E-03 2.657E-03 2.410E-03 2.138E-03 1.945E-03 1.651E-03 1.461E-03 1.178E-03 9.164E-04 7.531E-04 3.765E-04 2.693E-04 2.725E-04 5.957E-04 8.059E-04 1.199E-03 1.423E-03 1.480E-03 1.814E-03 1.964E-03 2.102E-03 2.174E-03 2.292E-03 2.352E-03 2.454E-03 2.658E-03 2.825E-03 2.852E-03 2.730E-03 2.872E-03
  1.380E+02  1.430E-03 3.778E-03 7.122E-03 1.032E-02 1.299E-02 1.322E-02 1.323E-02 1.363E-02 1.391E-02 1.387E-02 1.371E-02 1.560E-02 1.355E-02 1.494E-02 1.429E-02 1.424E-02 1.366E-02 1.212E-02 9.827E-03 1.193E-03 1.245E-03 1.302E-03 2.501E-03 5.870E-03 6.511E-03 4.320E-03 5.718E-03 6.681E-03 5.806E-04 1.062E-03 2.427E-03 3.103E-03 2.676E-03 2.415E-03 2.133E-03 1.935E-03 1.636E-03 1.444E-03 1.161E-03 9.001E-04 7.387E-04 3.700E-04 2.662E-04 2.706E-04 5.931E-04 8.026E-04 1.194E-03 1.418E-03 1.475E-03 1.807E-03 1.955E-03 2.091E-03 2.162E-03 2.274E-03 2.329E-03 2.424E-03 2.613E-03 2.764E-03 2.784E-03 2.673E-03 2.823E-03
  1.400E+02  3.914E-03 1.471E-02 2.081E-02 2.240E-02 2.349E-02 2.243E-02 2.278E-02 2.094E-02 2.259E-02 2.152E-02 2.075E-02 2.057E-02 1.878E-02 1.960E-02 1.868E-02 1.580E-02 1.666E-02 1.253E-02 8.854E-03 1.191E-03 1.243E-03 1.351E-03 2.887E-03 6.972E-03 7.610E-03 4.781E-03 6.127E-03 6.951E-03 5.763E-04 1.060E-03 2.493E-03 3.161E-03 2.693E-03 2.419E-03 2.127E-03 1.924E-03 1.621E-03 1.427E-03 1.143E-03 8.846E-04 7.253E-04 3.641E-04 2.635E-04 2.689E-04 5.908E-04 7.998E-04 1.190E-03 1.413E-03 1.470E-03 1.800E-03 1.947E-03 2.081E-03 2.150E-03 2.256E-03 2.306E-03 2.395E-03 2.569E-03 2.704E-03 2.720E-03 2.623E-03 2.782E-03
  1.420E+02  1.798E-02 3.284E-02 3.035E-02 2.608E-02 2.523E-02 2.426E-02 2.370E-02 2.259E-02 2.160E-02 2.156E-02 2.191E-02 2.031E-02 2.140E-02 2.032E-02 1.983E-02 1.626E-02 1.623E-02 1.199E-02 7.514E-03 1.189E-03 1.241E-03 1.416E-03 3.394E-03 8.170E-03 8.612E-03 5.231E-03 6.532E-03 7.148E-03 5.726E-04 1.060E-03 2.561E-03 3.216E-03 2.707E-03 2.421E-03 2.120E-03 1.913E-03 1.605E-03 1.410E-03 1.127E-03 8.701E-04 7.131E-04 3.590E-04 2.611E-04 2.675E-04 5.889E-04 7.974E-04 1.187E-03 1.409E-03 1.465E-03 1.793E-03 1.939E-03 2.070E-03 2.138E-03 2.237E-03 2.282E-03 2.364E-03 2.524E-03 2.646E-03 2.659E-03 2.579E-03 2.749E-03
  1.440E+02  3.761E-02 2.017E-02 1.448E-02 1.263E-02 1.401E-02 1.361E-02 1.449E-02 1.384E-02 1.571E-02 1.688E-02 1.558E-02 1.621E-02 1.695E-02 1.747E-02 1.601E-02 1.614E-02 1.450E-02 1.146E-02 7.001E-03 1.188E-03 1.239E-03 1.502E-03 3.999E-03 9.547E-03 9.589E-03 5.611E-03 6.912E-03 7.265E-03 5.693E-04 1.060E-03 2.630E-03 3.266E-03 2.718E-03 2.420E-03 2.111E-03 1.900E-03 1.588E-03 1.393E-03 1.111E-03 8.571E-04 7.025E-04 3.546E-04 2.590E-04 2.662E-04 5.872E-04 7.953E-04 1.184E-03 1.405E-03 1.461E-03 1.787E-03 1.931E-03 2.060E-03 2.126E-03 2.218E-03 2.257E-03 2.333E-03 2.481E-03 2.591E-03 2.602E-03 2.540E-03 2.722E-03
  1.460E+02  1.353E-02 1.334E-02 1.189E-02 1.146E-02 1.082E-02 9.347E-03 1.052E-02 9.897E-03 9.012E-03 9.396E-03 1.081E-02 1.039E-02 1.206E-02 1.139E-02 1.322E-02 1.272E-02 1.298E-02 9.478E-03 6.371E-03 1.187E-03 1.238E-03 1.615E-03 4.761E-03 1.083E-02 1.055E-02 5.897E-03 7.217E-03 7.309E-03 5.664E-04 1.061E-03 2.697E-03 3.308E-03 2.722E-03 2.414E-03 2.098E-03 1.884E-03 1.572E-03 1.377E-03 1.097E-03 8.469E-04 6.944E-04 3.511E-04 2.572E-04 2.651E-04 5.858E-04 7.935E-04 1.181E-03 1.402E-03 1.458E-03 1.782E-03 1.923E-03 2.050E-03 2.114E-03 2.199E-03 2.232E-03 2.303E-03 2.439E-03 2.540E-03 2.550E-03 2.509E-03 2.701E-03
  1.480E+02  1.677E-02 1.477E-02 1.242E-02 1.194E-02 1.200E-02 1.129E-02 1.113E-02 1.166E-02 1.050E-02 1.020E-02 9.697E-03 1.040E-02 9.274E-03 9.982E-03 1.016E-02 9.777E-03 1.172E-02 8.173E-03 6.224E-03 1.186E-03 1.237E-03 1.753E-03 5.585E-03 1.217E-02 1.150E-02 6.093E-03 7.401E-03 7.295E-03 5.640E-04 1.063E-03 2.759E-03 3.340E-03 2.719E-03 2.402E-03 2.083E-03 1.868E-03 1.558E-03 1.365E-03 1.089E-03 8.415E-04 6.902E-04 3.485E-04 2.556E-04 2.641E-04 5.845E-04 7.919E-04 1.179E-03 1.398E-03 1.454E-03 1.776E-03 1.916E-03 2.040E-03 2.101E-03 2.179E-03 2.208E-03 2.273E-03 2.398E-03 2.492E-03 2.503E-03 2.483E-03 2.686E-03
  1.500E+02  1.396E-02 1.219E-02 1.139E-02 1.017E-02 1.019E-02 1.037E-02 1.054E-02 1.031E-02 1.038E-02 1.037E-02 1.076E-02 9.624E-03 1.090E-02 9.884E-03 9.267E-03 8.862E-03 9.241E-03 7.250E-03 6.664E-03 1.185E-03 1.237E-03 1.910E-03 6.313E-03 1.363E-02 1.229E-02 6.202E-03 7.460E-03 7.232E-03 5.621E-04 1.066E-03 2.812E-03 3.356E-03 2.709E-03 2.390E-03 2.072E-03 1.860E-03 1.554E-03 1.364E-03 1.090E-03 8.434E-04 6.913E-04 3.466E-04 2.541E-04 2.632E-04 5.835E-04 7.906E-04 1.177E-03 1.396E-03 1.451E-03 1.771E-03 1.908E-03 2.030E-03 2.089E-03 2.160E-03 2.184E-03 2.244E-03 2.361E-03 2.449E-03 2.462E-03 2.463E-03 2.677E-03
  1.520E+02  1.343E-02 1.116E-02 1.092E-02 9.939E-03 9.186E-03 9.301E-03 9.754E-03 8.816E-03 9.526E-03 9.838E-03 9.580E-03 1.035E-02 1.008E-02 9.926E-03 1.004E-02 9.667E-03 8.530E-03 7.633E-03 6.798E-03 1.184E-03 1.236E-03 2.077E-03 7.005E-03 1.439E-02 1.249E-02 6.222E-03 7.433E-03 7.131E-03 5.607E-04 1.071E-03 2.852E-03 3.359E-03 2.704E-03 2.390E-03 2.080E-03 1.873E-03 1.571E-03 1.383E-03 1.107E-03 8.549E-04 6.983E-04 3.452E-04 2.526E-04 2.623E-04 5.826E-04 7.894E-04 1.175E-03 1.393E-03 1.448E-03 1.766E-03 1.901E-03 2.020E-03 2.077E-03 2.141E-03 2.161E-03 2.217E-03 2.328E-03 2.412E-03 2.428E-03 2.449E-03 2.672E-03
  1.540E+02  1.154E-02 9.779E-03 9.948E-03 8.905E-03 8.288E-03 8.441E-03 8.838E-03 1.002E-02 9.015E-03 8.963E-03 8.803E-03 8.821E-03 9.188E-03 9.288E-03 1.033E-02 9.418E-03 9.067E-03 7.390E-03 6.650E-03 1.184E-03 1.236E-03 2.237E-03 7.640E-03 1.417E-02 1.213E-02 6.166E-03 7.367E-03 7.021E-03 5.600E-04 1.080E-03 2.883E-03 3.367E-03 2.735E-03 2.434E-03 2.134E-03 1.929E-03 1.624E-03 1.431E-03 1.143E-03 8.760E-04 7.106E-04 3.438E-04 2.512E-04 2.615E-04 5.818E-04 7.884E-04 1.173E-03 1.391E-03 1.446E-03 1.761E-03 1.895E-03 2.011E-03 2.066E-03 2.124E-03 2.141E-03 2.193E-03 2.299E-03 2.381E-03 2.399E-03 2.440E-03 2.672E-03
  1.560E+02  1.139E-02 9.550E-03 9.378E-03 8.061E-03 8.645E-03 8.784E-03 8.718E-03 8.082E-03 7.516E-03 7.480E-03 9.413E-03 8.751E-03 1.004E-02 9.179E-03 9.195E-03 8.728E-03 1.001E-02 7.300E-03 6.345E-03 1.183E-03 1.237E-03 2.376E-03 8.034E-03 1.368E-02 1.157E-02 6.064E-03 7.300E-03 6.931E-03 5.606E-04 1.100E-03 2.936E-03 3.436E-03 2.854E-03 2.562E-03 2.260E-03 2.046E-03 1.721E-03 1.510E-03 1.195E-03 9.034E-04 7.250E-04 3.416E-04 2.495E-04 2.608E-04 5.811E-04 7.875E-04 1.172E-03 1.388E-03 1.443E-03 1.756E-03 1.889E-03 2.003E-03 2.057E-03 2.109E-03 2.123E-03 2.173E-03 2.275E-03 2.356E-03 2.378E-03 2.435E-03 2.675E-03
  1.580E+02  1.024E-02 9.168E-03 8.489E-03 8.295E-03 7.797E-03 7.481E-03 7.767E-03 8.213E-03 8.432E-03 8.574E-03 7.696E-03 8.111E-03 8.270E-03 9.256E-03 9.209E-03 8.046E-03 1.006E-02 7.039E-03 6.471E-03 1.183E-03 1.238E-03 2.485E-03 8.197E-03 1.299E-02 1.086E-02 5.949E-03 7.255E-03 6.884E-03 5.632E-04 1.138E-03 3.085E-03 3.665E-03 3.113E-03 2.804E-03 2.469E-03 2.226E-03 1.853E-03 1.611E-03 1.252E-03 9.289E-04 7.356E-04 3.378E-04 2.477E-04 2.601E-04 5.805E-04 7.868E-04 1.170E-03 1.387E-03 1.441E-03 1.753E-03 1.884E-03 1.996E-03 2.049E-03 2.097E-03 2.109E-03 2.157E-03 2.257E-03 2.338E-03 2.362E-03 2.436E-03 2.682E-03
  1.600E+02  8.847E-03 7.904E-03 8.119E-03 7.632E-03 6.758E-03 7.767E-03 7.493E-03 7.578E-03 6.568E-03 6.817E-03 7.776E-03 7.674E-03 7.950E-03 9.171E-03 1.030E-02 9.161E-03 9.520E-03 6.938E-03 6.398E-03 1.183E-03 1.240E-03 2.565E-03 8.154E-03 1.208E-02 1.026E-02 5.880E-03 7.280E-03 6.972E-03 5.689E-04 1.195E-03 3.428E-03 4.144E-03 3.523E-03 3.145E-03 2.732E-03 2.436E-03 1.988E-03 1.704E-03 1.296E-03 9.407E-04 7.353E-04 3.320E-04 2.456E-04 2.595E-04 5.801E-04 7.862E-04 1.170E-03 1.385E-03 1.440E-03 1.750E-03 1.880E-03 1.991E-03 2.043E-03 2.088E-03 2.098E-03 2.145E-03 2.244E-03 2.325E-03 2.353E-03 2.439E-03 2.691E-03
  1.620E+02  8.897E-03 7.350E-03 7.473E-03 6.641E-03 7.002E-03 7.737E-03 7.179E-03 7.662E-03 7.524E-03 7.491E-03 7.741E-03 7.336E-03 9.252E-03 8.155E-03 9.143E-03 8.059E-03 8.954E-03 7.086E-03 6.411E-03 1.182E-03 1.241E-03 2.656E-03 7.933E-03 1.189E-02 1.036E-02 6.030E-03 7.640E-03 7.562E-03 5.778E-04 1.263E-03 4.005E-03 4.857E-03 3.995E-03 3.494E-03 2.967E-03 2.603E-03 2.073E-03 1.750E-03 1.301E-03 9.269E-04 7.179E-04 3.241E-04 2.435E-04 2.589E-04 5.798E-04 7.859E-04 1.169E-03 1.384E-03 1.439E-03 1.749E-03 1.878E-03 1.988E-03 2.039E-03 2.082E-03 2.092E-03 2.138E-03 2.236E-03 2.318E-03 2.348E-03 2.446E-03 2.701E-03
  1.640E+02  8.158E-03 7.125E-03 7.203E-03 6.716E-03 6.303E-03 6.844E-03 6.795E-03 7.580E-03 6.764E-03 7.046E-03 7.550E-03 7.827E-03 8.339E-03 8.793E-03 8.928E-03 9.073E-03 9.165E-03 7.345E-03 6.002E-03 1.182E-03 1.242E-03 2.820E-03 7.982E-03 1.279E-02 1.139E-02 6.866E-03 8.990E-03 9.326E-03 5.874E-04 1.315E-03 4.690E-03 5.586E-03 4.337E-03 3.694E-03 3.056E-03 2.637E-03 2.053E-03 1.708E-03 1.249E-03 8.809E-04 6.810E-04 3.147E-04 2.416E-04 2.585E-04 5.796E-04 7.857E-04 1.169E-03 1.384E-03 1.439E-03 1.748E-03 1.878E-03 1.987E-03 2.038E-03 2.080E-03 2.089E-03 2.135E-03 2.233E-03 2.316E-03 2.348E-03 2.455E-03 2.713E-03
  1.660E+02  7.479E-03 6.610E-03 6.366E-03 6.149E-03 6.880E-03 6.869E-03 6.806E-03 6.653E-03 7.106E-03 7.392E-03 7.423E-03 8.535E-03 7.230E-03 8.437E-03 8.089E-03 9.576E-03 9.522E-03 7.846E-03 6.634E-03 1.182E-03 1.241E-03 3.028E-03 8.686E-03 1.477E-02 1.388E-02 9.048E-03 1.193E-02 1.254E-02 5.926E-04 1.319E-03 5.147E-03 5.938E-03 4.326E-03 3.593E-03 2.905E-03 2.474E-03 1.895E-03 1.565E-03 1.138E-03 8.056E-04 6.283E-04 3.051E-04 2.399E-04 2.583E-04 5.796E-04 7.857E-04 1.169E-03 1.385E-03 1.439E-03 1.749E-03 1.879E-03 1.989E-03 2.040E-03 2.080E-03 2.090E-03 2.136E-03 2.234E-03 2.318E-03 2.352E-03 2.465E-03 2.725E-03
  1.680E+02  7.207E-03 6.728E-03 6.384E-03 5.781E-03 6.395E-03 6.811E-03 6.717E-03 7.684E-03 7.753E-03 7.777E-03 6.677E-03 7.662E-03 8.404E-03 8.754E-03 9.365E-03 9.675E-03 9.881E-03 8.339E-03 7.496E-03 1.182E-03 1.239E-03 3.292E-03 1.010E-02 1.870E-02 1.879E-02 1.244E-02 1.566E-02 1.590E-02 5.876E-04 1.254E-03 5.001E-03 5.576E-03 3.854E-03 3.145E-03 2.508E-03 2.123E-03 1.621E-03 1.342E-03 9.877E-04 7.150E-04 5.695E-04 2.969E-04 2.389E-04 2.583E-04 5.797E-04 7.859E-04 1.169E-03 1.385E-03 1.440E-03 1.751E-03 1.881E-03 1.992E-03 2.043E-03 2.084E-03 2.094E-03 2.140E-03 2.239E-03 2.323E-03 2.357E-03 2.476E-03 2.736E-03
  1.700E+02  7.103E-03 6.261E-03 6.420E-03 5.796E-03 5.588E-03 7.124E-03 6.145E-03 7.078E-03 7.070E-03 7.228E-03 7.694E-03 7.398E-03 9.071E-03 8.891E-03 9.825E-03 1.056E-02 1.064E-02 9.880E-03 8.542E-03 1.182E-03 1.237E-03 3.867E-03 1.316E-02 2.513E-02 2.504E-02 1.495E-02 1.741E-02 1.669E-02 5.708E-04 1.136E-03 4.177E-03 4.531E-03 3.046E-03 2.474E-03 1.976E-03 1.682E-03 1.304E-03 1.097E-03 8.338E-04 6.292E-04 5.171E-04 2.914E-04 2.385E-04 2.584E-04 5.800E-04 7.863E-04 1.170E-03 1.387E-03 1.442E-03 1.754E-03 1.885E-03 1.996E-03 2.048E-03 2.089E-03 2.100E-03 2.146E-03 2.245E-03 2.329E-03 2.365E-03 2.486E-03 2.747E-03
  1.720E+02  6.945E-03 6.377E-03 5.710E-03 6.508E-03 5.886E-03 6.954E-03 7.061E-03 7.819E-03 6.885E-03 7.031E-03 8.539E-03 7.592E-03 9.942E-03 9.782E-03 1.070E-02 1.157E-02 1.265E-02 1.102E-02 1.155E-02 1.182E-03 1.237E-03 4.529E-03 1.750E-02 3.104E-02 2.754E-02 1.386E-02 1.502E-02 1.364E-02 5.475E-04 1.020E-03 3.099E-03 3.304E-03 2.233E-03 1.834E-03 1.493E-03 1.293E-03 1.037E-03 8.961E-04 7.144E-04 5.670E-04 4.814E-04 2.892E-04 2.389E-04 2.587E-04 5.803E-04 7.867E-04 1.171E-03 1.388E-03 1.443E-03 1.757E-03 1.889E-03 2.001E-03 2.053E-03 2.096E-03 2.106E-03 2.153E-03 2.252E-03 2.337E-03 2.372E-03 2.496E-03 2.757E-03
  1.740E+02  7.291E-03 6.210E-03 6.883E-03 6.254E-03 7.552E-03 7.412E-03 8.398E-03 7.814E-03 7.198E-03 7.527E-03 9.044E-03 9.427E-03 1.165E-02 1.175E-02 1.468E-02 1.520E-02 1.645E-02 1.453E-02 1.291E-02 1.182E-03 1.239E-03 4.155E-03 1.733E-02 2.867E-02 2.256E-02 1.003E-02 1.092E-02 9.559E-03 5.277E-04 9.631E-04 2.451E-03 2.558E-03 1.751E-03 1.458E-03 1.211E-03 1.068E-03 8.852E-04 7.842E-04 6.509E-04 5.370E-04 4.662E-04 2.901E-04 2.397E-04 2.591E-04 5.806E-04 7.872E-04 1.172E-03 1.390E-03 1.445E-03 1.760E-03 1.892E-03 2.006E-03 2.059E-03 2.102E-03 2.113E-03 2.160E-03 2.259E-03 2.344E-03 2.379E-03 2.504E-03 2.765E-03
  1.760E+02  8.692E-03 7.440E-03 7.091E-03 6.500E-03 8.389E-03 9.927E-03 1.006E-02 1.085E-02 9.984E-03 1.047E-02 1.278E-02 1.236E-02 1.431E-02 1.469E-02 2.057E-02 2.272E-02 3.029E-02 2.206E-02 1.123E-02 1.182E-03 1.245E-03 3.003E-03 1.170E-02 2.092E-02 1.789E-02 8.607E-03 1.044E-02 8.943E-03 5.182E-04 9.832E-04 2.590E-03 2.590E-03 1.705E-03 1.404E-03 1.159E-03 1.021E-03 8.511E-04 7.591E-04 6.384E-04 5.338E-04 4.671E-04 2.927E-04 2.406E-04 2.595E-04 5.809E-04 7.876E-04 1.173E-03 1.391E-03 1.446E-03 1.762E-03 1.896E-03 2.010E-03 2.063E-03 2.107E-03 2.118E-03 2.165E-03 2.265E-03 2.349E-03 2.385E-03 2.511E-03 2.771E-03
  1.780E+02  1.124E-02 1.099E-02 1.253E-02 9.651E-03 1.207E-02 1.651E-02 1.534E-02 1.660E-02 1.895E-02 2.137E-02 2.655E-02 2.785E-02 3.296E-02 3.615E-02 2.823E-02 2.202E-02 2.064E-02 1.518E-02 1.969E-02 1.182E-03 1.251E-03 2.980E-03 1.060E-02 2.363E-02 2.329E-02 1.169E-02 1.445E-02 1.207E-02 5.175E-04 1.040E-03 3.181E-03 3.063E-03 1.898E-03 1.524E-03 1.231E-03 1.071E-03 8.791E-04 7.787E-04 6.507E-04 5.426E-04 4.743E-04 2.952E-04 2.414E-04 2.597E-04 5.811E-04 7.879E-04 1.174E-03 1.392E-03 1.447E-03 1.764E-03 1.898E-03 2.012E-03 2.066E-03 2.111E-03 2.122E-03 2.169E-03 2.269E-03 2.353E-03 2.388E-03 2.515E-03 2.775E-03
  1.800E+02  4.469E-02 3.915E-02 5.188E-02 3.937E-02 3.714E-02 5.058E-02 3.737E-02 5.631E-02 4.351E-02 4.288E-02 5.141E-02 3.764E-02 4.685E-02 4.404E-02 6.435E-02 4.684E-02 4.128E-02 2.698E-02 3.320E-02 1.182E-03 1.254E-03 3.490E-03 1.283E-02 2.964E-02 2.897E-02 1.409E-02 1.713E-02 1.416E-02 5.186E-04 1.069E-03 3.501E-03 3.329E-03 2.013E-03 1.598E-03 1.277E-03 1.104E-03 8.988E-04 7.926E-04 6.590E-04 5.478E-04 4.780E-04 2.963E-04 2.417E-04 2.598E-04 5.811E-04 7.880E-04 1.174E-03 1.392E-03 1.448E-03 1.765E-03 1.898E-03 2.013E-03 2.067E-03 2.112E-03 2.123E-03 2.170E-03 2.270E-03 2.354E-03 2.390E-03 2.516E-03 2.776E-03
